{matrix{{0.16512, -0.1252, 0.10798, -0.16882}, {-0.1252, 0.12824, -0.17743, 0.079882}, {0.10798, -0.17743, 0.42577, -0.028314}, {-0.16882, 0.079882, -0.028314, 0.28087}},matrix{{0.36306, -0.033382, -0.0029003, -0.1877}, {-0.033382, 0.18465, -0.13663, -0.14291}, {-0.0029003, -0.13663, 0.10727, 0.1015}, {-0.1877, -0.14291, 0.1015, 0.34502}},matrix{{0.37065, -0.10518, 0.10385, 0.10567}, {-0.10518, 0.25682, 0.016053, -0.21391}, {0.10385, 0.016053, 0.18943, -0.031678}, {0.10567, -0.21391, -0.031678, 0.1831}},matrix{{0.20747, -0.17003, -0.22916, 0.0038572}, {-0.17003, 0.33926, 0.30227, -0.062967}, {-0.22916, 0.30227, 0.31919, -0.030623}, {0.0038572, -0.062967, -0.030623, 0.13408}},matrix{{0.21011, 0.22386, -0.10893, 0.135}, {0.22386, 0.2812, -0.051262, 0.17849}, {-0.10893, -0.051262, 0.2468, 0.098886}, {0.135, 0.17849, 0.098886, 0.26189}},matrix{{0.23432, 0.040294, 0.18515, -0.12002}, {0.040294, 0.38275, 0.10159, -0.047531}, {0.18515, 0.10159, 0.2341, -0.1798}, {-0.12002, -0.047531, -0.1798, 0.14884}},matrix{{0.20661, -0.010834, -0.070639, -0.039543}, {-0.010834, 0.30367, 0.21442, -0.15526}, {-0.070639, 0.21442, 0.18661, -0.1543}, {-0.039543, -0.15526, -0.1543, 0.30312}},matrix{{0.23691, -0.12622, 0.12473, -0.19727}, {-0.12622, 0.17949, -0.051021, 0.20842}, {0.12473, -0.051021, 0.316, -0.044454}, {-0.19727, 0.20842, -0.044454, 0.2676}},matrix{{0.057231, 0.058143, 0.071224, 0.0053896}, {0.058143, 0.1965, 0.073281, -0.20747}, {0.071224, 0.073281, 0.39698, 0.08146}, {0.0053896, -0.20747, 0.08146, 0.34929}},matrix{{0.41131, -0.16313, -0.20723, -0.28715}, {-0.16313, 0.21925, 0.10007, 0.1455}, {-0.20723, 0.10007, 0.1488, 0.12424}, {-0.28715, 0.1455, 0.12424, 0.22064}},matrix{{0.21082, 0.0059401, -0.090119, -0.065323}, {0.0059401, 0.19691, -0.21838, 0.17735}, {-0.090119, -0.21838, 0.30987, -0.22714}, {-0.065323, 0.17735, -0.22714, 0.2824}},matrix{{0.36, -0.10749, 0.18569, -0.017425}, {-0.10749, 0.043588, -0.076009, -0.057371}, {0.18569, -0.076009, 0.24277, 0.1395}, {-0.017425, -0.057371, 0.1395, 0.35365}},matrix{{0.30845, -0.08405, 0.076401, 0.2081}, {-0.08405, 0.18668, -0.17302, -0.11143}, {0.076401, -0.17302, 0.20982, 0.18452}, {0.2081, -0.11143, 0.18452, 0.29505}},matrix{{0.14189, -0.13204, -0.022782, -0.19405}, {-0.13204, 0.49514, -0.011854, 0.2677}, {-0.022782, -0.011854, 0.076955, 0.027469}, {-0.19405, 0.2677, 0.027469, 0.28601}},matrix{{0.30438, 0.065843, 0.073469, -0.082666}, {0.065843, 0.10044, 0.13421, 0.15785}, {0.073469, 0.13421, 0.21363, 0.21592}, {-0.082666, 0.15785, 0.21592, 0.38154}},matrix{{0.68402, -0.30576, -0.082327, -0.096272}, {-0.30576, 0.22919, -0.0073235, 0.023111}, {-0.082327, -0.0073235, 0.038464, 0.0059578}, {-0.096272, 0.023111, 0.0059578, 0.04832}},matrix{{0.19684, -0.04648, 0.050596, 0.16936}, {-0.04648, 0.31627, -0.29286, 0.027821}, {0.050596, -0.29286, 0.28618, 0.0053712}, {0.16936, 0.027821, 0.0053712, 0.20071}},matrix{{0.37958, 0.096914, 0.24568, -0.1352}, {0.096914, 0.29505, 0.11592, -0.11935}, {0.24568, 0.11592, 0.19117, -0.068302}, {-0.1352, -0.11935, -0.068302, 0.1342}},matrix{{0.018725, -0.011561, -0.069343, -0.033302}, {-0.011561, 0.43828, -0.029704, -0.030175}, {-0.069343, -0.029704, 0.26974, 0.14439}, {-0.033302, -0.030175, 0.14439, 0.27326}},matrix{{0.34776, -0.039081, -0.25385, -0.25203}, {-0.039081, 0.21228, -0.040938, 0.074678}, {-0.25385, -0.040938, 0.24354, 0.17945}, {-0.25203, 0.074678, 0.17945, 0.19642}},matrix{{0.22588, 0.2326, 0.041962, -0.16899}, {0.2326, 0.27551, 0.082894, -0.21528}, {0.041962, 0.082894, 0.32259, -0.10172}, {-0.16899, -0.21528, -0.10172, 0.17603}},matrix{{0.26639, 0.1996, 0.0063024, 0.099052}, {0.1996, 0.50349, 0.15062, 0.24738}, {0.0063024, 0.15062, 0.10243, 0.089802}, {0.099052, 0.24738, 0.089802, 0.12768}},matrix{{0.328, 0.1453, -0.16658, -0.25582}, {0.1453, 0.080567, -0.050526, -0.053408}, {-0.16658, -0.050526, 0.16275, 0.19753}, {-0.25582, -0.053408, 0.19753, 0.42868}},matrix{{0.45287, 0.33992, 0.019105, -0.017598}, {0.33992, 0.32589, 0.0089561, 0.018879}, {0.019105, 0.0089561, 0.017589, -0.058727}, {-0.017598, 0.018879, -0.058727, 0.20365}},matrix{{0.22711, 0.035123, 0.17935, 0.18262}, {0.035123, 0.27658, -0.098006, -0.083201}, {0.17935, -0.098006, 0.29351, 0.16508}, {0.18262, -0.083201, 0.16508, 0.20279}},matrix{{0.21817, -0.20408, -0.23437, 0.080983}, {-0.20408, 0.25568, 0.19266, -0.17707}, {-0.23437, 0.19266, 0.27097, -0.021913}, {0.080983, -0.17707, -0.021913, 0.25518}},matrix{{0.14812, 0.060221, 0.038502, -0.1774}, {0.060221, 0.11948, 0.15353, -0.18833}, {0.038502, 0.15353, 0.27025, -0.13435}, {-0.1774, -0.18833, -0.13435, 0.46215}},matrix{{0.094954, 0.044547, 0.09274, 0.13598}, {0.044547, 0.37919, 0.1081, -0.11854}, {0.09274, 0.1081, 0.14231, 0.16198}, {0.13598, -0.11854, 0.16198, 0.38355}},matrix{{0.091494, 0.097824, -0.090388, 0.079479}, {0.097824, 0.40645, -0.066465, 0.092151}, {-0.090388, -0.066465, 0.42674, -0.12299}, {0.079479, 0.092151, -0.12299, 0.075319}},matrix{{0.29225, 0.31833, 0.031529, 0.040959}, {0.31833, 0.35071, 0.010723, 0.023455}, {0.031529, 0.010723, 0.22864, 0.10087}, {0.040959, 0.023455, 0.10087, 0.1284}},matrix{{0.32647, -0.13129, -0.1415, -0.19012}, {-0.13129, 0.2707, 0.037274, -0.072769}, {-0.1415, 0.037274, 0.18927, 0.1049}, {-0.19012, -0.072769, 0.1049, 0.21356}},matrix{{0.10061, -0.15319, 0.17447, -0.10818}, {-0.15319, 0.36919, -0.24443, 0.16306}, {0.17447, -0.24443, 0.32587, -0.1459}, {-0.10818, 0.16306, -0.1459, 0.20433}},matrix{{0.24159, 0.083235, 0.19869, -0.067511}, {0.083235, 0.084925, 0.12596, 0.036475}, {0.19869, 0.12596, 0.29626, 0.15335}, {-0.067511, 0.036475, 0.15335, 0.37722}},matrix{{0.33251, -0.15433, -0.079495, -0.17317}, {-0.15433, 0.15864, 0.1331, 0.11869}, {-0.079495, 0.1331, 0.23738, 0.21947}, {-0.17317, 0.11869, 0.21947, 0.27146}},matrix{{0.42127, -0.20945, 0.15054, 0.0126}, {-0.20945, 0.18491, -0.054468, -0.036764}, {0.15054, -0.054468, 0.12718, 0.12866}, {0.0126, -0.036764, 0.12866, 0.26664}},matrix{{0.38988, -0.17724, 0.12941, -0.10431}, {-0.17724, 0.33705, 0.099139, -0.080323}, {0.12941, 0.099139, 0.14362, -0.12462}, {-0.10431, -0.080323, -0.12462, 0.12944}},matrix{{0.50133, 0.2703, -0.057719, 0.19269}, {0.2703, 0.22234, -0.084332, 0.064088}, {-0.057719, -0.084332, 0.044231, 0.014711}, {0.19269, 0.064088, 0.014711, 0.2321}},matrix{{0.36451, 0.027073, -0.31613, -0.14734}, {0.027073, 0.051032, -0.11091, -0.060513}, {-0.31613, -0.11091, 0.47476, 0.21689}, {-0.14734, -0.060513, 0.21689, 0.10969}},matrix{{0.21349, -0.22243, -0.16671, 0.1124}, {-0.22243, 0.31879, 0.24744, -0.209}, {-0.16671, 0.24744, 0.2192, -0.11614}, {0.1124, -0.209, -0.11614, 0.24852}},matrix{{0.21275, -0.013914, 0.055631, 0.18815}, {-0.013914, 0.36856, 0.10988, -0.1239}, {0.055631, 0.10988, 0.20956, 0.052405}, {0.18815, -0.1239, 0.052405, 0.20913}},matrix{{0.11461, -0.10425, 0.19521, -0.0058514}, {-0.10425, 0.26097, -0.29802, 0.055741}, {0.19521, -0.29802, 0.42844, -0.085952}, {-0.0058514, 0.055741, -0.085952, 0.19598}},matrix{{0.20469, 0.050942, 0.19905, -0.11571}, {0.050942, 0.26375, 0.00079717, -0.19019}, {0.19905, 0.00079717, 0.23135, -0.020267}, {-0.11571, -0.19019, -0.020267, 0.30022}},matrix{{0.089208, 0.068377, 0.07914, 0.16932}, {0.068377, 0.31622, 0.19111, 0.092825}, {0.07914, 0.19111, 0.19174, 0.19789}, {0.16932, 0.092825, 0.19789, 0.40283}},matrix{{0.21707, -0.17371, -0.20862, -0.13297}, {-0.17371, 0.16317, 0.094048, 0.13615}, {-0.20862, 0.094048, 0.44288, 0.0018292}, {-0.13297, 0.13615, 0.0018292, 0.17688}},matrix{{0.27487, -0.032119, -0.013917, 0.27418}, {-0.032119, 0.17256, -0.16595, -0.14198}, {-0.013917, -0.16595, 0.16778, 0.10061}, {0.27418, -0.14198, 0.10061, 0.3848}},matrix{{0.30448, -0.10994, 0.2164, 0.09316}, {-0.10994, 0.26411, -0.21748, -0.088814}, {0.2164, -0.21748, 0.31247, 0.026003}, {0.09316, -0.088814, 0.026003, 0.11894}},matrix{{0.32006, -0.15748, 0.27012, -0.26785}, {-0.15748, 0.094097, -0.17396, 0.1423}, {0.27012, -0.17396, 0.32974, -0.25479}, {-0.26785, 0.1423, -0.25479, 0.2561}},matrix{{0.46096, -0.037799, -0.16175, 0.14783}, {-0.037799, 0.20672, 0.023975, -0.16933}, {-0.16175, 0.023975, 0.074486, -0.099239}, {0.14783, -0.16933, -0.099239, 0.25784}},matrix{{0.12331, -0.045326, -0.018168, 0.14519}, {-0.045326, 0.031829, 0.044044, -0.09779}, {-0.018168, 0.044044, 0.38063, -0.34682}, {0.14519, -0.09779, -0.34682, 0.46423}},matrix{{0.25699, -0.2237, -0.045022, -0.23228}, {-0.2237, 0.2789, 0.16945, 0.19302}, {-0.045022, 0.16945, 0.21262, 0.037826}, {-0.23228, 0.19302, 0.037826, 0.25149}},matrix{{0.35507, -0.3641, 0.21539, 0.12138}, {-0.3641, 0.38038, -0.22288, -0.14124}, {0.21539, -0.22288, 0.13376, 0.067293}, {0.12138, -0.14124, 0.067293, 0.13079}},matrix{{0.19666, 0.0072221, 0.052087, -0.053255}, {0.0072221, 0.063841, 0.12495, 0.0016791}, {0.052087, 0.12495, 0.40399, 0.21384}, {-0.053255, 0.0016791, 0.21384, 0.3355}},matrix{{0.53009, 0.25565, 0.16177, 0.0046916}, {0.25565, 0.27701, 0.1244, -0.12397}, {0.16177, 0.1244, 0.063645, -0.039346}, {0.0046916, -0.12397, -0.039346, 0.12925}},matrix{{0.41431, -0.082387, 0.091231, 0.0004674}, {-0.082387, 0.28403, -0.020981, 0.13524}, {0.091231, -0.020981, 0.22855, -0.032577}, {0.0004674, 0.13524, -0.032577, 0.07311}},matrix{{0.13135, -0.052562, 0.10822, -0.18404}, {-0.052562, 0.24254, -0.096173, -0.090322}, {0.10822, -0.096173, 0.22599, -0.16342}, {-0.18404, -0.090322, -0.16342, 0.40012}},matrix{{0.38491, -0.0021846, -0.16185, -0.041343}, {-0.0021846, 0.19769, -0.061548, 0.1804}, {-0.16185, -0.061548, 0.18777, -0.11763}, {-0.041343, 0.1804, -0.11763, 0.22963}},matrix{{0.14322, -0.10765, -0.039951, -0.10254}, {-0.10765, 0.31775, 0.10178, 0.22561}, {-0.039951, 0.10178, 0.21676, 0.24281}, {-0.10254, 0.22561, 0.24281, 0.32228}},matrix{{0.32628, 0.099249, -0.23414, 0.23853}, {0.099249, 0.29482, -0.043813, 0.025097}, {-0.23414, -0.043813, 0.19061, -0.16576}, {0.23853, 0.025097, -0.16576, 0.18829}},matrix{{0.28086, -0.16247, 0.29249, 0.22131}, {-0.16247, 0.09548, -0.16694, -0.1239}, {0.29249, -0.16694, 0.32264, 0.19559}, {0.22131, -0.1239, 0.19559, 0.30102}},matrix{{0.10984, 0.16209, 0.14473, 0.030485}, {0.16209, 0.43708, 0.34136, 0.016146}, {0.14473, 0.34136, 0.3553, -0.062038}, {0.030485, 0.016146, -0.062038, 0.097776}},matrix{{0.11921, 0.080366, -0.10065, -0.055843}, {0.080366, 0.28815, -0.28414, -0.065585}, {-0.10065, -0.28414, 0.32358, 0.16922}, {-0.055843, -0.065585, 0.16922, 0.26907}},matrix{{0.13491, -0.16206, -0.14325, -0.02946}, {-0.16206, 0.30834, 0.22521, 0.040101}, {-0.14325, 0.22521, 0.17694, 0.033751}, {-0.02946, 0.040101, 0.033751, 0.37981}},matrix{{0.043221, 0.026074, -0.11134, 0.052568}, {0.026074, 0.14654, -0.13791, -0.14343}, {-0.11134, -0.13791, 0.37971, -0.12565}, {0.052568, -0.14343, -0.12565, 0.43052}},matrix{{0.25588, 0.25198, 0.14913, -0.085083}, {0.25198, 0.46914, 0.14662, 0.076201}, {0.14913, 0.14662, 0.12963, -0.057036}, {-0.085083, 0.076201, -0.057036, 0.14535}},matrix{{0.31527, 0.18792, 0.074965, -0.0988}, {0.18792, 0.11414, 0.072604, -0.043002}, {0.074965, 0.072604, 0.4181, 0.17471}, {-0.0988, -0.043002, 0.17471, 0.15249}},matrix{{0.23104, -0.18248, 0.19916, -0.201}, {-0.18248, 0.32664, -0.10691, 0.20924}, {0.19916, -0.10691, 0.22701, -0.1262}, {-0.201, 0.20924, -0.1262, 0.21531}},matrix{{0.12892, 0.040371, -0.11995, -0.03346}, {0.040371, 0.1219, 0.019198, -0.22623}, {-0.11995, 0.019198, 0.30879, -0.050185}, {-0.03346, -0.22623, -0.050185, 0.44039}},matrix{{0.20845, 0.064885, -0.082131, -0.25641}, {0.064885, 0.2764, -0.12717, -0.2202}, {-0.082131, -0.12717, 0.080756, 0.13823}, {-0.25641, -0.2202, 0.13823, 0.43439}},matrix{{0.37821, 0.092611, -0.13595, -0.032553}, {0.092611, 0.05886, -0.11758, 0.092611}, {-0.13595, -0.11758, 0.24594, -0.22752}, {-0.032553, 0.092611, -0.22752, 0.31699}},matrix{{0.1176, 0.046858, -0.17034, -0.1356}, {0.046858, 0.32222, -0.12137, 0.014629}, {-0.17034, -0.12137, 0.37384, 0.14307}, {-0.1356, 0.014629, 0.14307, 0.18634}},matrix{{0.12165, -0.19482, -0.18926, 0.057854}, {-0.19482, 0.37599, 0.35393, -0.0259}, {-0.18926, 0.35393, 0.34101, -0.056878}, {0.057854, -0.0259, -0.056878, 0.16136}},matrix{{0.21921, 0.096857, -0.30672, 0.0045869}, {0.096857, 0.074633, -0.12717, -0.015964}, {-0.30672, -0.12717, 0.43135, -0.010959}, {0.0045869, -0.015964, -0.010959, 0.27481}},matrix{{0.1852, 0.17182, -0.14461, -0.13108}, {0.17182, 0.21816, -0.1697, -0.15101}, {-0.14461, -0.1697, 0.23683, 0.28089}, {-0.13108, -0.15101, 0.28089, 0.3598}},matrix{{0.35777, 0.10662, -0.01978, 0.28617}, {0.10662, 0.13361, -0.089935, -0.036089}, {-0.01978, -0.089935, 0.070488, 0.08593}, {0.28617, -0.036089, 0.08593, 0.43813}},matrix{{0.22934, -0.19219, 0.063815, -0.017748}, {-0.19219, 0.3346, 0.070232, 0.022632}, {0.063815, 0.070232, 0.27955, -0.16334}, {-0.017748, 0.022632, -0.16334, 0.15651}},matrix{{0.38311, 0.042497, -0.044558, 0.13041}, {0.042497, 0.0099573, 0.03224, -0.017205}, {-0.044558, 0.03224, 0.36404, -0.26593}, {0.13041, -0.017205, -0.26593, 0.24289}},matrix{{0.29252, 0.25039, -0.19293, -0.28954}, {0.25039, 0.23153, -0.16045, -0.22087}, {-0.19293, -0.16045, 0.12866, 0.19671}, {-0.28954, -0.22087, 0.19671, 0.34729}},matrix{{0.071095, -0.049366, -0.039121, 0.019802}, {-0.049366, 0.035836, 0.0023482, -0.038907}, {-0.039121, 0.0023482, 0.41994, 0.37629}, {0.019802, -0.038907, 0.37629, 0.47313}},matrix{{0.33076, -0.21131, 0.16238, 0.081665}, {-0.21131, 0.3219, 0.010702, 0.060831}, {0.16238, 0.010702, 0.15119, 0.097003}, {0.081665, 0.060831, 0.097003, 0.19615}},matrix{{0.18906, 0.15376, -0.071074, -0.13946}, {0.15376, 0.24914, 0.13191, -0.10058}, {-0.071074, 0.13191, 0.39373, 0.14218}, {-0.13946, -0.10058, 0.14218, 0.16808}},matrix{{0.39085, 0.0014806, -0.088341, -0.11029}, {0.0014806, 0.082301, -0.064567, 0.030184}, {-0.088341, -0.064567, 0.19986, -0.19109}, {-0.11029, 0.030184, -0.19109, 0.32698}},matrix{{0.34421, 0.15122, 0.19385, 0.059865}, {0.15122, 0.28714, 0.057708, 0.23983}, {0.19385, 0.057708, 0.12435, -0.010765}, {0.059865, 0.23983, -0.010765, 0.2443}},matrix{{0.27188, 0.1862, 0.045414, -0.080635}, {0.1862, 0.16563, 0.02639, -0.098072}, {0.045414, 0.02639, 0.1832, -0.24005}, {-0.080635, -0.098072, -0.24005, 0.37929}},matrix{{0.46984, -0.10127, 0.10582, 0.085292}, {-0.10127, 0.23426, 0.022025, -0.051672}, {0.10582, 0.022025, 0.038409, 0.046989}, {0.085292, -0.051672, 0.046989, 0.25749}},matrix{{0.12407, 0.12119, 0.040449, -0.22554}, {0.12119, 0.28299, 0.1777, -0.14161}, {0.040449, 0.1777, 0.13047, -0.0031206}, {-0.22554, -0.14161, -0.0031206, 0.46246}},matrix{{0.42071, 0.14577, -0.095324, -0.023655}, {0.14577, 0.19613, -0.067082, 0.18565}, {-0.095324, -0.067082, 0.057227, 0.0029447}, {-0.023655, 0.18565, 0.0029447, 0.32593}},matrix{{0.49576, -0.31229, 0.038401, -0.029325}, {-0.31229, 0.34327, 0.044888, -0.0097989}, {0.038401, 0.044888, 0.13106, 0.03099}, {-0.029325, -0.0097989, 0.03099, 0.029908}},matrix{{0.15253, 0.10811, 0.012501, 0.20742}, {0.10811, 0.27279, -0.10782, -0.052902}, {0.012501, -0.10782, 0.070758, 0.13346}, {0.20742, -0.052902, 0.13346, 0.50392}},matrix{{0.32517, -0.021074, 0.14115, -0.24183}, {-0.021074, 0.21107, 0.098595, 0.10759}, {0.14115, 0.098595, 0.21721, -0.0062111}, {-0.24183, 0.10759, -0.0062111, 0.24655}},matrix{{0.5112, 0.20111, -0.30742, 0.084778}, {0.20111, 0.094824, -0.1451, 0.074372}, {-0.30742, -0.1451, 0.26527, -0.13211}, {0.084778, 0.074372, -0.13211, 0.12871}},matrix{{0.13884, 0.087893, 0.049164, 0.17535}, {0.087893, 0.26393, 0.27538, 0.011712}, {0.049164, 0.27538, 0.30932, -0.044115}, {0.17535, 0.011712, -0.044115, 0.28792}},matrix{{0.060048, 0.033878, 0.10726, -0.077627}, {0.033878, 0.50521, -0.14093, -0.0086373}, {0.10726, -0.14093, 0.28843, -0.12916}, {-0.077627, -0.0086373, -0.12916, 0.14631}},matrix{{0.30198, 0.21457, -0.13964, 0.021173}, {0.21457, 0.15517, -0.074943, 0.032432}, {-0.13964, -0.074943, 0.28929, 0.11286}, {0.021173, 0.032432, 0.11286, 0.25356}},matrix{{0.17506, 0.12951, 0.069116, 0.10941}, {0.12951, 0.20416, 0.25201, 0.05078}, {0.069116, 0.25201, 0.54395, -0.0097929}, {0.10941, 0.05078, -0.0097929, 0.076829}},matrix{{0.16521, 0.0542, -0.080701, -0.012662}, {0.0542, 0.15296, 0.13142, 0.16834}, {-0.080701, 0.13142, 0.33725, 0.089339}, {-0.012662, 0.16834, 0.089339, 0.34458}},matrix{{0.20252, -0.047097, -0.11549, 0.073719}, {-0.047097, 0.47526, 0.027273, 0.15051}, {-0.11549, 0.027273, 0.18483, 0.035253}, {0.073719, 0.15051, 0.035253, 0.13739}},matrix{{0.22489, -0.1657, 0.17017, 0.053081}, {-0.1657, 0.21701, -0.054855, 0.12625}, {0.17017, -0.054855, 0.25455, 0.17769}, {0.053081, 0.12625, 0.17769, 0.30355}},matrix{{0.13434, 0.062892, 0.16423, -0.086922}, {0.062892, 0.35964, -0.032088, 0.065922}, {0.16423, -0.032088, 0.34996, -0.2275}, {-0.086922, 0.065922, -0.2275, 0.15606}},matrix{{0.30644, -0.076536, 0.26047, 0.19876}, {-0.076536, 0.086588, -0.15881, 0.034459}, {0.26047, -0.15881, 0.35357, 0.058155}, {0.19876, 0.034459, 0.058155, 0.2534}},matrix{{0.4001, 0.12717, 0.28503, 0.056922}, {0.12717, 0.17417, 0.20451, -0.050026}, {0.28503, 0.20451, 0.32111, 0.018588}, {0.056922, -0.050026, 0.018588, 0.10462}},matrix{{0.21787, -0.0027003, -0.17317, -0.17303}, {-0.0027003, 0.1598, -0.032477, 0.0040529}, {-0.17317, -0.032477, 0.17413, 0.23203}, {-0.17303, 0.0040529, 0.23203, 0.44819}},matrix{{0.23976, 0.15338, 0.13275, 0.2371}, {0.15338, 0.29766, -0.047348, 0.099868}, {0.13275, -0.047348, 0.20593, 0.18538}, {0.2371, 0.099868, 0.18538, 0.25665}},matrix{{0.080444, 0.08737, -0.13423, 0.086512}, {0.08737, 0.19601, -0.0074024, 0.24048}, {-0.13423, -0.0074024, 0.41754, 0.054505}, {0.086512, 0.24048, 0.054505, 0.30601}},matrix{{0.14077, 0.18065, 0.15558, 0.023058}, {0.18065, 0.36588, 0.077565, -0.11498}, {0.15558, 0.077565, 0.33344, 0.16058}, {0.023058, -0.11498, 0.16058, 0.15991}},matrix{{0.42401, 0.14118, -0.27721, -0.028361}, {0.14118, 0.21022, -0.12274, -0.052871}, {-0.27721, -0.12274, 0.19485, -0.0087199}, {-0.028361, -0.052871, -0.0087199, 0.17092}},matrix{{0.38103, 0.012091, -0.19614, 0.024696}, {0.012091, 0.25097, 0.067449, -0.23714}, {-0.19614, 0.067449, 0.12657, -0.090072}, {0.024696, -0.23714, -0.090072, 0.24144}},matrix{{0.24004, 0.26431, -0.13415, -0.16929}, {0.26431, 0.30399, -0.098553, -0.20621}, {-0.13415, -0.098553, 0.30631, 0.01874}, {-0.16929, -0.20621, 0.01874, 0.14967}},matrix{{0.014651, 0.015226, 0.018391, 0.030311}, {0.015226, 0.19192, 0.14935, 0.27143}, {0.018391, 0.14935, 0.33522, 0.33717}, {0.030311, 0.27143, 0.33717, 0.45821}},matrix{{0.3585, 0.12288, -0.26678, 0.085182}, {0.12288, 0.14151, -0.07496, 0.044509}, {-0.26678, -0.07496, 0.46324, -0.12174}, {0.085182, 0.044509, -0.12174, 0.036751}},matrix{{0.05063, 0.038408, -0.028541, 0.14818}, {0.038408, 0.18601, -0.22848, 0.1233}, {-0.028541, -0.22848, 0.32275, -0.083407}, {0.14818, 0.1233, -0.083407, 0.44061}},matrix{{0.48918, -0.29774, -0.035222, -0.070951}, {-0.29774, 0.25333, -0.03447, -0.0046709}, {-0.035222, -0.03447, 0.048419, 0.062797}, {-0.070951, -0.0046709, 0.062797, 0.20907}},matrix{{0.1888, 0.13285, 0.04017, 0.023264}, {0.13285, 0.35648, 0.32157, 0.12856}, {0.04017, 0.32157, 0.36874, 0.0959}, {0.023264, 0.12856, 0.0959, 0.085983}},matrix{{0.17043, -0.10331, -0.19529, -0.14141}, {-0.10331, 0.2438, -0.038968, 0.032216}, {-0.19529, -0.038968, 0.45143, 0.21904}, {-0.14141, 0.032216, 0.21904, 0.13435}},matrix{{0.085517, -0.075404, 0.012643, 0.0097464}, {-0.075404, 0.65964, -0.1314, 0.096382}, {0.012643, -0.1314, 0.12075, -0.12382}, {0.0097464, 0.096382, -0.12382, 0.1341}},matrix{{0.23739, -0.24379, 0.064673, -0.10522}, {-0.24379, 0.3221, -0.092566, 0.14935}, {0.064673, -0.092566, 0.27568, -0.1969}, {-0.10522, 0.14935, -0.1969, 0.16482}},matrix{{0.18348, -0.14421, -0.12203, 0.040765}, {-0.14421, 0.39188, 0.022658, 0.13583}, {-0.12203, 0.022658, 0.18069, 0.032349}, {0.040765, 0.13583, 0.032349, 0.24395}},matrix{{0.12803, 0.088241, -0.14096, 0.025886}, {0.088241, 0.25384, -0.33422, 0.17236}, {-0.14096, -0.33422, 0.48844, -0.22392}, {0.025886, 0.17236, -0.22392, 0.12968}},matrix{{0.21641, 0.13013, 0.019526, 0.21402}, {0.13013, 0.10223, -0.02907, 0.20598}, {0.019526, -0.02907, 0.22043, -0.11822}, {0.21402, 0.20598, -0.11822, 0.46093}},matrix{{0.084999, 0.057152, -0.1345, -0.14075}, {0.057152, 0.32034, -0.026489, -0.10665}, {-0.1345, -0.026489, 0.23016, 0.2392}, {-0.14075, -0.10665, 0.2392, 0.36451}},matrix{{0.34396, -0.20899, 0.17131, 0.041972}, {-0.20899, 0.26958, -0.13423, -0.060723}, {0.17131, -0.13423, 0.10198, 0.081125}, {0.041972, -0.060723, 0.081125, 0.28447}},matrix{{0.41932, -0.21865, 0.1027, 0.0037197}, {-0.21865, 0.15957, -0.0418, 0.091257}, {0.1027, -0.0418, 0.080763, -0.06376}, {0.0037197, 0.091257, -0.06376, 0.34035}},matrix{{0.31326, -0.068271, -0.10646, -0.0059932}, {-0.068271, 0.16985, 0.0036031, -0.10383}, {-0.10646, 0.0036031, 0.36449, 0.17774}, {-0.0059932, -0.10383, 0.17774, 0.1524}},matrix{{0.29155, 0.23372, 0.1945, -0.1323}, {0.23372, 0.19188, 0.18654, -0.083014}, {0.1945, 0.18654, 0.33735, 0.068443}, {-0.1323, -0.083014, 0.068443, 0.17923}},matrix{{0.22034, -0.13182, -0.091187, -0.0946}, {-0.13182, 0.18829, 0.14826, 0.017012}, {-0.091187, 0.14826, 0.19133, 0.16436}, {-0.0946, 0.017012, 0.16436, 0.40004}},matrix{{0.38571, 0.13234, -0.14123, 0.13482}, {0.13234, 0.10646, 0.048694, 0.080176}, {-0.14123, 0.048694, 0.22273, -0.055373}, {0.13482, 0.080176, -0.055373, 0.28509}},matrix{{0.2765, 0.099798, -0.14522, -0.14276}, {0.099798, 0.37315, 0.052496, -0.099214}, {-0.14522, 0.052496, 0.15964, 0.13493}, {-0.14276, -0.099214, 0.13493, 0.19071}},matrix{{0.11549, -0.072143, 0.14157, 0.08154}, {-0.072143, 0.17687, -0.017005, -0.054601}, {0.14157, -0.017005, 0.2661, -0.04581}, {0.08154, -0.054601, -0.04581, 0.44153}},matrix{{0.35251, -0.21226, -0.097589, 0.070333}, {-0.21226, 0.20466, 0.12015, -0.16551}, {-0.097589, 0.12015, 0.10168, -0.17551}, {0.070333, -0.16551, -0.17551, 0.34115}},matrix{{0.23383, -0.25911, 0.05982, -0.11854}, {-0.25911, 0.31144, -0.1064, 0.13492}, {0.05982, -0.1064, 0.19917, -0.18768}, {-0.11854, 0.13492, -0.18768, 0.25556}},matrix{{0.33226, 0.070179, 0.23403, 0.048022}, {0.070179, 0.035818, -0.010591, 0.087167}, {0.23403, -0.010591, 0.34042, -0.18355}, {0.048022, 0.087167, -0.18355, 0.2915}},matrix{{0.48096, 0.18749, 0.15089, 0.20721}, {0.18749, 0.16403, -0.020919, 0.18904}, {0.15089, -0.020919, 0.12526, -0.03955}, {0.20721, 0.18904, -0.03955, 0.22975}},matrix{{0.11192, -0.017489, 0.11095, 0.13341}, {-0.017489, 0.26634, 0.10875, -0.10356}, {0.11095, 0.10875, 0.37653, -0.01876}, {0.13341, -0.10356, -0.01876, 0.24522}},matrix{{0.32307, 0.27633, -0.050251, 0.040943}, {0.27633, 0.25779, -0.081589, -0.0043189}, {-0.050251, -0.081589, 0.32659, 0.12599}, {0.040943, -0.0043189, 0.12599, 0.092549}},matrix{{0.25348, -0.089466, -0.028774, 0.092446}, {-0.089466, 0.40007, -0.24477, 0.17577}, {-0.028774, -0.24477, 0.19379, -0.15859}, {0.092446, 0.17577, -0.15859, 0.15266}},matrix{{0.27267, -0.03689, 0.14994, 0.028876}, {-0.03689, 0.44638, -0.051826, 0.22795}, {0.14994, -0.051826, 0.092404, 0.021457}, {0.028876, 0.22795, 0.021457, 0.18854}},matrix{{0.28151, 0.077713, -0.14604, 0.092464}, {0.077713, 0.36505, -0.09256, 0.052967}, {-0.14604, -0.09256, 0.083932, -0.059432}, {0.092464, 0.052967, -0.059432, 0.26951}},matrix{{0.26012, -0.03725, -0.081653, -0.008231}, {-0.03725, 0.36191, -0.20205, 0.24762}, {-0.081653, -0.20205, 0.19061, -0.12028}, {-0.008231, 0.24762, -0.12028, 0.18736}},matrix{{0.17302, -0.17957, 0.15667, -0.019837}, {-0.17957, 0.29679, -0.19649, -0.01263}, {0.15667, -0.19649, 0.36876, 0.17193}, {-0.019837, -0.01263, 0.17193, 0.16143}},matrix{{0.49805, 0.17493, -0.10717, 0.063365}, {0.17493, 0.26502, -0.16008, -0.039466}, {-0.10717, -0.16008, 0.10501, 0.053054}, {0.063365, -0.039466, 0.053054, 0.13192}},matrix{{0.35166, -0.19215, -0.10533, 0.16372}, {-0.19215, 0.24015, 0.2585, -0.096992}, {-0.10533, 0.2585, 0.3314, -0.059838}, {0.16372, -0.096992, -0.059838, 0.076788}},matrix{{0.35354, 0.031761, -0.041958, 0.050253}, {0.031761, 0.31911, -0.028732, -0.29347}, {-0.041958, -0.028732, 0.021985, 0.033755}, {0.050253, -0.29347, 0.033755, 0.30536}},matrix{{0.13179, -0.14635, -0.1387, 0.12966}, {-0.14635, 0.38546, 0.17779, -0.35321}, {-0.1387, 0.17779, 0.15482, -0.15374}, {0.12966, -0.35321, -0.15374, 0.32793}},matrix{{0.20372, 0.022855, -0.015257, 0.00053468}, {0.022855, 0.44886, 0.15554, 0.27293}, {-0.015257, 0.15554, 0.12495, 0.034423}, {0.00053468, 0.27293, 0.034423, 0.22247}},matrix{{0.32439, -0.10678, -0.29067, -0.096026}, {-0.10678, 0.11588, 0.14172, 0.049833}, {-0.29067, 0.14172, 0.40267, 0.2166}, {-0.096026, 0.049833, 0.2166, 0.15706}},matrix{{0.25016, 0.21156, -0.1932, -0.11622}, {0.21156, 0.38987, -0.17082, -0.22168}, {-0.1932, -0.17082, 0.16161, 0.064503}, {-0.11622, -0.22168, 0.064503, 0.19835}},matrix{{0.37044, -0.031753, 0.19827, 0.38674}, {-0.031753, 0.10671, -0.015959, -0.049037}, {0.19827, -0.015959, 0.1067, 0.20923}, {0.38674, -0.049037, 0.20923, 0.41614}},matrix{{0.14259, 0.062203, 0.13292, 0.1069}, {0.062203, 0.37675, 0.029851, -0.26211}, {0.13292, 0.029851, 0.12618, 0.12461}, {0.1069, -0.26211, 0.12461, 0.35448}},matrix{{0.12654, -0.13146, -0.085647, -0.109}, {-0.13146, 0.21253, 0.16762, -0.049428}, {-0.085647, 0.16762, 0.14589, -0.11639}, {-0.109, -0.049428, -0.11639, 0.51504}},matrix{{0.22393, 0.12915, -0.013312, -0.14763}, {0.12915, 0.23418, -0.021317, -0.33072}, {-0.013312, -0.021317, 0.002577, 0.023432}, {-0.14763, -0.33072, 0.023432, 0.53932}},matrix{{0.35435, 0.24148, -0.042924, 0.14779}, {0.24148, 0.35157, 0.062777, 0.27578}, {-0.042924, 0.062777, 0.067529, 0.064075}, {0.14779, 0.27578, 0.064075, 0.22655}},matrix{{0.27213, 0.15429, 0.1453, -0.11013}, {0.15429, 0.13658, 0.027545, 0.025681}, {0.1453, 0.027545, 0.36011, -0.23659}, {-0.11013, 0.025681, -0.23659, 0.23118}},matrix{{0.25783, 0.26656, 0.056131, -0.0078988}, {0.26656, 0.38398, -0.039275, -0.071373}, {0.056131, -0.039275, 0.31814, 0.029619}, {-0.0078988, -0.071373, 0.029619, 0.040048}},matrix{{0.36489, 0.11773, -0.021565, 0.020574}, {0.11773, 0.15586, 0.071921, -0.071494}, {-0.021565, 0.071921, 0.41166, -0.12585}, {0.020574, -0.071494, -0.12585, 0.067585}},matrix{{0.35216, -0.01372, 0.24094, 0.093094}, {-0.01372, 0.28521, -0.176, 0.09773}, {0.24094, -0.176, 0.2939, -0.011544}, {0.093094, 0.09773, -0.011544, 0.068728}},matrix{{0.30141, 0.19743, 0.084495, 0.070525}, {0.19743, 0.14075, 0.034802, -0.0029691}, {0.084495, 0.034802, 0.26332, -0.008016}, {0.070525, -0.0029691, -0.008016, 0.29452}},matrix{{0.24448, -0.21849, -0.093162, -0.1457}, {-0.21849, 0.32412, 0.14421, 0.2173}, {-0.093162, 0.14421, 0.283, 0.072312}, {-0.1457, 0.2173, 0.072312, 0.14841}},matrix{{0.20397, 0.15899, -0.024916, 0.038735}, {0.15899, 0.48489, 0.24983, 0.18474}, {-0.024916, 0.24983, 0.21908, 0.093771}, {0.038735, 0.18474, 0.093771, 0.092068}},matrix{{0.20628, 0.0052878, -0.24532, 0.01149}, {0.0052878, 0.1515, -0.11072, -0.10272}, {-0.24532, -0.11072, 0.3638, 0.055813}, {0.01149, -0.10272, 0.055813, 0.27842}},matrix{{0.30824, 0.16589, -0.1923, 0.067845}, {0.16589, 0.37855, -0.14406, -0.16706}, {-0.1923, -0.14406, 0.12573, -0.015285}, {0.067845, -0.16706, -0.015285, 0.18748}},matrix{{0.25519, 0.11679, 0.027067, 0.0072391}, {0.11679, 0.057018, -0.028229, -0.021707}, {0.027067, -0.028229, 0.48466, 0.26187}, {0.0072391, -0.021707, 0.26187, 0.20313}},matrix{{0.12167, -0.20396, -0.18362, 0.071596}, {-0.20396, 0.38939, 0.38811, -0.089415}, {-0.18362, 0.38811, 0.41796, -0.063046}, {0.071596, -0.089415, -0.063046, 0.070982}},matrix{{0.34221, 0.22523, 0.031604, -0.23303}, {0.22523, 0.27742, 0.1184, -0.2327}, {0.031604, 0.1184, 0.15311, -0.12042}, {-0.23303, -0.2327, -0.12042, 0.22726}},matrix{{0.20695, -0.11214, 0.031182, 0.066654}, {-0.11214, 0.19245, -0.18592, 0.11633}, {0.031182, -0.18592, 0.23392, -0.14012}, {0.066654, 0.11633, -0.14012, 0.36668}},matrix{{0.20229, 0.033169, 0.066509, -0.037936}, {0.033169, 0.37067, -0.1216, -0.11051}, {0.066509, -0.1216, 0.074481, 0.063222}, {-0.037936, -0.11051, 0.063222, 0.35256}},matrix{{0.14835, 0.0034901, -0.19642, 0.00031559}, {0.0034901, 0.4733, -0.1306, -0.068933}, {-0.19642, -0.1306, 0.29498, 0.027949}, {0.00031559, -0.068933, 0.027949, 0.083373}},matrix{{0.48537, -0.024576, 0.11044, -0.12114}, {-0.024576, 0.023864, 0.017643, 0.078602}, {0.11044, 0.017643, 0.11432, -0.039435}, {-0.12114, 0.078602, -0.039435, 0.37645}},matrix{{0.23212, 0.040783, -0.0061055, -0.0086848}, {0.040783, 0.28234, 0.070196, -0.20448}, {-0.0061055, 0.070196, 0.058698, 0.052998}, {-0.0086848, -0.20448, 0.052998, 0.42685}},matrix{{0.17858, -0.092313, -0.0055881, 0.092332}, {-0.092313, 0.40356, -0.047645, -0.0039163}, {-0.0055881, -0.047645, 0.35554, -0.065669}, {0.092332, -0.0039163, -0.065669, 0.06232}},matrix{{0.29842, -0.021433, 0.24679, -0.10929}, {-0.021433, 0.089315, -0.15375, -0.10841}, {0.24679, -0.15375, 0.41679, 0.091456}, {-0.10929, -0.10841, 0.091456, 0.19547}},matrix{{0.16726, -0.14984, -0.095843, -0.062449}, {-0.14984, 0.20837, 0.080369, 0.1065}, {-0.095843, 0.080369, 0.16559, 0.24231}, {-0.062449, 0.1065, 0.24231, 0.45878}},matrix{{0.028351, -0.027373, -0.09861, 0.0029374}, {-0.027373, 0.22933, 0.20896, -0.20635}, {-0.09861, 0.20896, 0.46318, -0.18924}, {0.0029374, -0.20635, -0.18924, 0.27914}},matrix{{0.31002, -0.081036, 0.021608, 0.29117}, {-0.081036, 0.10038, 0.142, -0.051383}, {0.021608, 0.142, 0.27703, 0.069264}, {0.29117, -0.051383, 0.069264, 0.31257}},matrix{{0.14592, 0.032965, -0.0016565, 0.25221}, {0.032965, 0.073168, -0.13631, 0.038868}, {-0.0016565, -0.13631, 0.28845, 0.01524}, {0.25221, 0.038868, 0.01524, 0.49247}},matrix{{0.31218, 0.25342, -0.16328, 0.20467}, {0.25342, 0.32064, -0.19869, 0.16147}, {-0.16328, -0.19869, 0.23248, -0.098474}, {0.20467, 0.16147, -0.098474, 0.13469}},matrix{{0.35362, 0.14525, 0.14532, 0.045019}, {0.14525, 0.15035, 0.1082, 0.077642}, {0.14532, 0.1082, 0.10002, -0.020895}, {0.045019, 0.077642, -0.020895, 0.39601}},matrix{{0.25064, 0.034627, 0.028536, -0.026086}, {0.034627, 0.11992, 0.1656, -0.080812}, {0.028536, 0.1656, 0.23115, -0.12902}, {-0.026086, -0.080812, -0.12902, 0.39829}},matrix{{0.48601, -0.13693, 0.055124, 0.030268}, {-0.13693, 0.30476, -0.066057, -0.076094}, {0.055124, -0.066057, 0.027575, 0.059936}, {0.030268, -0.076094, 0.059936, 0.18165}},matrix{{0.36149, -0.034156, 0.24144, -0.25733}, {-0.034156, 0.11036, -0.084059, -0.077831}, {0.24144, -0.084059, 0.24561, -0.1036}, {-0.25733, -0.077831, -0.1036, 0.28254}},matrix{{0.30002, 0.20803, 0.17294, 0.049122}, {0.20803, 0.49785, 0.1063, -0.082696}, {0.17294, 0.1063, 0.12105, 0.006005}, {0.049122, -0.082696, 0.006005, 0.081081}},matrix{{0.32654, -0.13735, -0.14356, -0.065026}, {-0.13735, 0.19854, 0.067432, 0.1262}, {-0.14356, 0.067432, 0.19211, -0.12705}, {-0.065026, 0.1262, -0.12705, 0.28281}},matrix{{0.17903, 0.0074155, -0.095555, 0.023547}, {0.0074155, 0.1446, -0.18653, 0.090631}, {-0.095555, -0.18653, 0.39832, 0.033698}, {0.023547, 0.090631, 0.033698, 0.27805}},matrix{{0.030847, 0.07137, -0.095324, 0.031694}, {0.07137, 0.50055, -0.16743, 0.041711}, {-0.095324, -0.16743, 0.30324, -0.09717}, {0.031694, 0.041711, -0.09717, 0.16536}},matrix{{0.15586, -0.16749, 0.11556, -0.051146}, {-0.16749, 0.36317, -0.19824, 0.097938}, {0.11556, -0.19824, 0.18714, 0.082878}, {-0.051146, 0.097938, 0.082878, 0.29384}},matrix{{0.18737, -0.014426, 0.062416, 0.23852}, {-0.014426, 0.26766, 0.047978, 0.1494}, {0.062416, 0.047978, 0.11846, 0.15152}, {0.23852, 0.1494, 0.15152, 0.4265}},matrix{{0.21425, 0.2554, -0.0095515, 0.17642}, {0.2554, 0.30475, -0.0071433, 0.21349}, {-0.0095515, -0.0071433, 0.27951, 0.10698}, {0.17642, 0.21349, 0.10698, 0.20149}},matrix{{0.1394, -0.032487, 0.1426, -0.18736}, {-0.032487, 0.23484, -0.14371, -0.096529}, {0.1426, -0.14371, 0.28447, -0.10758}, {-0.18736, -0.096529, -0.10758, 0.3413}},matrix{{0.37582, 0.072207, 0.17691, -0.15448}, {0.072207, 0.30403, 0.22491, -0.11173}, {0.17691, 0.22491, 0.21935, -0.13884}, {-0.15448, -0.11173, -0.13884, 0.1008}},matrix{{0.30575, -0.10599, -0.011592, 0.075712}, {-0.10599, 0.31148, 0.23866, 0.15587}, {-0.011592, 0.23866, 0.23465, 0.13556}, {0.075712, 0.15587, 0.13556, 0.14813}},matrix{{0.25076, 0.0040903, -0.15884, 0.24689}, {0.0040903, 0.18488, -0.081625, 0.0034601}, {-0.15884, -0.081625, 0.28999, -0.086379}, {0.24689, 0.0034601, -0.086379, 0.27436}},matrix{{0.25287, 0.0068552, -0.035233, -0.22228}, {0.0068552, 0.26456, 0.054169, -0.18243}, {-0.035233, 0.054169, 0.15381, -0.052193}, {-0.22228, -0.18243, -0.052193, 0.32875}},matrix{{0.21575, -0.048883, 0.1509, -0.11049}, {-0.048883, 0.28405, -0.15567, 0.060308}, {0.1509, -0.15567, 0.25392, 0.039157}, {-0.11049, 0.060308, 0.039157, 0.24628}},matrix{{0.29975, 0.068555, 0.17619, -0.086349}, {0.068555, 0.22455, 0.22876, 0.15855}, {0.17619, 0.22876, 0.27476, 0.1049}, {-0.086349, 0.15855, 0.1049, 0.20094}},matrix{{0.21857, -0.11371, 0.055973, 0.1251}, {-0.11371, 0.50234, -0.11527, -0.19006}, {0.055973, -0.11527, 0.15089, 0.0057461}, {0.1251, -0.19006, 0.0057461, 0.12821}},matrix{{0.27534, 0.14914, -0.21523, -0.25002}, {0.14914, 0.16089, -0.22203, -0.17865}, {-0.21523, -0.22203, 0.31275, 0.2504}, {-0.25002, -0.17865, 0.2504, 0.25103}},matrix{{0.27338, -0.1242, -0.068169, 0.12311}, {-0.1242, 0.084113, -0.014542, -0.0045604}, {-0.068169, -0.014542, 0.26706, -0.31358}, {0.12311, -0.0045604, -0.31358, 0.37545}},matrix{{0.16336, -0.15525, -0.08542, 0.17533}, {-0.15525, 0.35966, -0.11649, -0.12849}, {-0.08542, -0.11649, 0.26849, -0.10411}, {0.17533, -0.12849, -0.10411, 0.20849}},matrix{{0.26245, -0.30954, -0.13001, -0.0041775}, {-0.30954, 0.3881, 0.13916, 0.043775}, {-0.13001, 0.13916, 0.12202, 0.067095}, {-0.0041775, 0.043775, 0.067095, 0.22744}},matrix{{0.15019, 0.23308, 0.013339, 0.038266}, {0.23308, 0.37556, 0.0407, 0.066476}, {0.013339, 0.0407, 0.28108, -0.19877}, {0.038266, 0.066476, -0.19877, 0.19318}},matrix{{0.30163, -0.27519, -0.099218, -0.11675}, {-0.27519, 0.27773, 0.10242, 0.065554}, {-0.099218, 0.10242, 0.10975, 0.14078}, {-0.11675, 0.065554, 0.14078, 0.31089}},matrix{{0.3635, -0.096924, -0.13651, -0.079149}, {-0.096924, 0.22989, -0.067072, 0.09524}, {-0.13651, -0.067072, 0.10662, 0.019297}, {-0.079149, 0.09524, 0.019297, 0.29999}},matrix{{0.21364, 0.15549, -0.0053665, 0.044348}, {0.15549, 0.433, -0.26047, -0.057427}, {-0.0053665, -0.26047, 0.319, 0.070319}, {0.044348, -0.057427, 0.070319, 0.034368}},matrix{{0.34739, 0.01649, -0.037493, 0.27461}, {0.01649, 0.013158, -0.034083, -0.036674}, {-0.037493, -0.034083, 0.16821, 0.03416}, {0.27461, -0.036674, 0.03416, 0.47125}},matrix{{0.20932, 0.068801, 0.026812, 0.029671}, {0.068801, 0.29618, 0.21396, 0.26377}, {0.026812, 0.21396, 0.1641, 0.16944}, {0.029671, 0.26377, 0.16944, 0.33039}},matrix{{0.41325, 0.014322, -0.244, 0.09382}, {0.014322, 0.070701, -0.053524, 0.090721}, {-0.244, -0.053524, 0.30765, -0.0089835}, {0.09382, 0.090721, -0.0089835, 0.2084}},matrix{{0.060228, 0.14872, -0.042319, 0.11434}, {0.14872, 0.37523, -0.060016, 0.3002}, {-0.042319, -0.060016, 0.27832, 0.01207}, {0.11434, 0.3002, 0.01207, 0.28622}},matrix{{0.26365, 0.18002, 0.1708, -0.14338}, {0.18002, 0.15303, 0.088626, -0.070743}, {0.1708, 0.088626, 0.38751, 0.034907}, {-0.14338, -0.070743, 0.034907, 0.19581}},matrix{{0.49166, -0.13705, -0.094246, 0.074329}, {-0.13705, 0.13136, 0.10529, -0.059314}, {-0.094246, 0.10529, 0.16308, -0.16765}, {0.074329, -0.059314, -0.16765, 0.21391}},matrix{{0.40818, -0.34212, -0.039814, 0.073946}, {-0.34212, 0.30211, -0.010999, -0.074024}, {-0.039814, -0.010999, 0.2357, 0.084425}, {0.073946, -0.074024, 0.084425, 0.054009}},matrix{{0.23596, 0.27078, 0.12383, -0.16885}, {0.27078, 0.42167, 0.18076, -0.14828}, {0.12383, 0.18076, 0.079452, -0.083856}, {-0.16885, -0.14828, -0.083856, 0.26292}},matrix{{0.27426, -0.025086, 0.08901, 0.12727}, {-0.025086, 0.25143, -0.050562, 0.20602}, {0.08901, -0.050562, 0.20847, -0.049272}, {0.12727, 0.20602, -0.049272, 0.26583}},matrix{{0.43375, 0.076116, 0.26336, 0.18561}, {0.076116, 0.023961, 0.04024, 0.024763}, {0.26336, 0.04024, 0.1894, 0.20074}, {0.18561, 0.024763, 0.20074, 0.35288}},matrix{{0.35359, -0.093523, 0.2538, 0.061686}, {-0.093523, 0.14503, 0.022215, 0.043718}, {0.2538, 0.022215, 0.25222, 0.11659}, {0.061686, 0.043718, 0.11659, 0.24916}},matrix{{0.20692, -0.0044138, -0.003263, -0.16118}, {-0.0044138, 0.37802, 0.28629, 0.018882}, {-0.003263, 0.28629, 0.24084, -0.019725}, {-0.16118, 0.018882, -0.019725, 0.17422}},matrix{{0.43066, 0.13566, 0.044731, -0.029153}, {0.13566, 0.1392, 0.035954, 0.14011}, {0.044731, 0.035954, 0.12412, -0.06061}, {-0.029153, 0.14011, -0.06061, 0.30603}},matrix{{0.2909, -0.21306, -0.17108, 0.21302}, {-0.21306, 0.3749, 0.12356, -0.22159}, {-0.17108, 0.12356, 0.10174, -0.11681}, {0.21302, -0.22159, -0.11681, 0.23246}},matrix{{0.36847, -0.24809, 0.031367, 0.083563}, {-0.24809, 0.25785, -0.072053, -0.11079}, {0.031367, -0.072053, 0.18582, 0.18278}, {0.083563, -0.11079, 0.18278, 0.18786}},matrix{{0.15119, 0.12056, 0.15077, 0.0023965}, {0.12056, 0.33354, -0.051736, -0.17891}, {0.15077, -0.051736, 0.29638, 0.091617}, {0.0023965, -0.17891, 0.091617, 0.21889}},matrix{{0.049103, -0.044507, -0.094251, 0.012398}, {-0.044507, 0.26347, 0.14281, 0.0075334}, {-0.094251, 0.14281, 0.28001, -0.20327}, {0.012398, 0.0075334, -0.20327, 0.40742}},matrix{{0.19564, 0.08668, -0.18425, -0.09553}, {0.08668, 0.17969, -0.076583, 0.18876}, {-0.18425, -0.076583, 0.19136, 0.085826}, {-0.09553, 0.18876, 0.085826, 0.43331}},matrix{{0.38969, -0.11583, 0.20437, -0.23025}, {-0.11583, 0.14539, -0.062843, 0.13809}, {0.20437, -0.062843, 0.17578, -0.20866}, {-0.23025, 0.13809, -0.20866, 0.28914}},matrix{{0.31884, 0.014829, -0.05592, -0.10569}, {0.014829, 0.15366, -0.23771, 0.10923}, {-0.05592, -0.23771, 0.37906, -0.17182}, {-0.10569, 0.10923, -0.17182, 0.14844}},matrix{{0.10805, 0.11226, 0.057796, -0.1722}, {0.11226, 0.28946, 0.2363, -0.11474}, {0.057796, 0.2363, 0.24666, -0.072185}, {-0.1722, -0.11474, -0.072185, 0.35583}},matrix{{0.43463, 0.015909, 0.057893, 0.22174}, {0.015909, 0.1115, -0.079504, 0.048944}, {0.057893, -0.079504, 0.26749, 0.10733}, {0.22174, 0.048944, 0.10733, 0.18638}},matrix{{0.21284, -0.16795, -0.090185, 0.051487}, {-0.16795, 0.29569, 0.21816, -0.049794}, {-0.090185, 0.21816, 0.23522, 0.095274}, {0.051487, -0.049794, 0.095274, 0.25624}},matrix{{0.36945, 0.17617, 0.033679, -0.28571}, {0.17617, 0.23468, 0.11251, -0.099003}, {0.033679, 0.11251, 0.15729, -0.030105}, {-0.28571, -0.099003, -0.030105, 0.23857}},matrix{{0.3154, 0.066664, 0.039134, 0.10012}, {0.066664, 0.26774, 0.061677, -0.17515}, {0.039134, 0.061677, 0.21035, 0.037632}, {0.10012, -0.17515, 0.037632, 0.2065}},matrix{{0.45784, 0.21672, -0.0391, -0.15853}, {0.21672, 0.28934, -0.072899, -0.049059}, {-0.0391, -0.072899, 0.086059, 0.09106}, {-0.15853, -0.049059, 0.09106, 0.16677}},matrix{{0.14838, -0.24787, -0.021451, -0.14708}, {-0.24787, 0.53883, -0.074412, 0.25625}, {-0.021451, -0.074412, 0.15288, -0.014399}, {-0.14708, 0.25625, -0.014399, 0.15991}},matrix{{0.2485, -0.17474, -0.12851, 0.029972}, {-0.17474, 0.29359, 0.17658, -0.23449}, {-0.12851, 0.17658, 0.18487, -0.13733}, {0.029972, -0.23449, -0.13733, 0.27304}},matrix{{0.48652, -0.074432, 0.070245, -0.16486}, {-0.074432, 0.12809, 0.068499, -0.1237}, {0.070245, 0.068499, 0.064275, -0.12984}, {-0.16486, -0.1237, -0.12984, 0.32112}},matrix{{0.091371, 0.13283, -0.086101, 0.12449}, {0.13283, 0.37482, -0.011171, 0.11244}, {-0.086101, -0.011171, 0.25103, -0.25299}, {0.12449, 0.11244, -0.25299, 0.28278}},matrix{{0.12014, 0.046138, 0.080389, -0.05968}, {0.046138, 0.22036, 0.10004, 0.18318}, {0.080389, 0.10004, 0.36724, -0.093521}, {-0.05968, 0.18318, -0.093521, 0.29225}},matrix{{0.16229, -0.21398, -0.098664, -0.18635}, {-0.21398, 0.30007, 0.15836, 0.23518}, {-0.098664, 0.15836, 0.31624, 0.11275}, {-0.18635, 0.23518, 0.11275, 0.2214}},matrix{{0.38448, 0.067047, -0.29934, -0.18706}, {0.067047, 0.21162, 0.024823, 0.039667}, {-0.29934, 0.024823, 0.28101, 0.16324}, {-0.18706, 0.039667, 0.16324, 0.12289}},matrix{{0.25319, 0.0097086, 0.0057343, 0.10647}, {0.0097086, 0.069897, -0.15372, -0.12031}, {0.0057343, -0.15372, 0.34566, 0.26052}, {0.10647, -0.12031, 0.26052, 0.33125}},matrix{{0.21468, 0.027098, -0.035998, 0.061883}, {0.027098, 0.38008, 0.050008, 0.