{matrix{{0.23747, 0.1925, 0.29709, 0.23613}, {0.1925, 0.15605, 0.24083, 0.19141}, {0.29709, 0.24083, 0.37168, 0.29542}, {0.23613, 0.19141, 0.29542, 0.2348}},matrix{{0.46475, 0.18787, 0.45756, 0.064063}, {0.18787, 0.075945, 0.18496, 0.025897}, {0.45756, 0.18496, 0.45047, 0.063071}, {0.064063, 0.025897, 0.063071, 0.0088306}},matrix{{0.78477, 0.19518, -0.15819, 0.32524}, {0.19518, 0.048545, -0.039344, 0.080892}, {-0.15819, -0.039344, 0.031888, -0.065561}, {0.32524, 0.080892, -0.065561, 0.13479}},matrix{{0.51139, 0.016404, -0.0091053, -0.49952}, {0.016404, 0.00052618, -0.00029207, -0.016023}, {-0.0091053, -0.00029207, 0.00016212, 0.008894}, {-0.49952, -0.016023, 0.008894, 0.48793}},matrix{{0.1772, 0.2155, 0.058826, -0.30968}, {0.2155, 0.26208, 0.071541, -0.37661}, {0.058826, 0.071541, 0.019529, -0.1028}, {-0.30968, -0.37661, -0.1028, 0.54119}},matrix{{0.25042, -0.30845, 0.26152, -0.15546}, {-0.30845, 0.37994, -0.32214, 0.19149}, {0.26152, -0.32214, 0.27313, -0.16236}, {-0.15546, 0.19149, -0.16236, 0.096515}},matrix{{0.48857, -0.35858, 0.15192, -0.31339}, {-0.35858, 0.26317, -0.1115, 0.23001}, {0.15192, -0.1115, 0.04724, -0.097449}, {-0.31339, 0.23001, -0.097449, 0.20102}},matrix{{0.60896, 0.16804, 0.32906, -0.31876}, {0.16804, 0.046371, 0.090804, -0.087962}, {0.32906, 0.090804, 0.17782, -0.17225}, {-0.31876, -0.087962, -0.17225, 0.16686}},matrix{{0.37217, -0.064607, -0.14565, -0.45637}, {-0.064607, 0.011215, 0.025283, 0.079223}, {-0.14565, 0.025283, 0.056997, 0.17859}, {-0.45637, 0.079223, 0.17859, 0.55961}},matrix{{0.39041, 0.13951, -0.44731, 0.13581}, {0.13951, 0.049855, -0.15984, 0.048531}, {-0.44731, -0.15984, 0.51249, -0.1556}, {0.13581, 0.048531, -0.1556, 0.047243}},matrix{{0.38853, 0.25417, -0.030962, 0.41474}, {0.25417, 0.16628, -0.020255, 0.27132}, {-0.030962, -0.020255, 0.0024674, -0.033051}, {0.41474, 0.27132, -0.033051, 0.44273}},matrix{{0.098481, -0.071174, 0.2258, -0.18092}, {-0.071174, 0.051438, -0.16319, 0.13075}, {0.2258, -0.16319, 0.51771, -0.41481}, {-0.18092, 0.13075, -0.41481, 0.33237}},matrix{{0.52697, -0.49245, -0.03881, 0.072508}, {-0.49245, 0.46019, 0.036268, -0.067758}, {-0.03881, 0.036268, 0.0028582, -0.00534}, {0.072508, -0.067758, -0.00534, 0.0099767}},matrix{{0.29825, -0.23851, 0.046549, -0.38761}, {-0.23851, 0.19073, -0.037224, 0.30997}, {0.046549, -0.037224, 0.0072649, -0.060495}, {-0.38761, 0.30997, -0.060495, 0.50375}},matrix{{0.057781, -0.11586, -0.13674, 0.1494}, {-0.11586, 0.23232, 0.27419, -0.29957}, {-0.13674, 0.27419, 0.3236, -0.35356}, {0.1494, -0.29957, -0.35356, 0.3863}},matrix{{0.10787, -0.17994, -0.20895, 0.1421}, {-0.17994, 0.30018, 0.34857, -0.23705}, {-0.20895, 0.34857, 0.40476, -0.27526}, {0.1421, -0.23705, -0.27526, 0.1872}},matrix{{0.21993, -0.28816, 0.097894, -0.28096}, {-0.28816, 0.37756, -0.12827, 0.36813}, {0.097894, -0.12827, 0.043575, -0.12506}, {-0.28096, 0.36813, -0.12506, 0.35894}},matrix{{0.056507, -0.099452, -0.10414, -0.18049}, {-0.099452, 0.17503, 0.18329, 0.31767}, {-0.10414, 0.18329, 0.19193, 0.33265}, {-0.18049, 0.31767, 0.33265, 0.57653}},matrix{{0.32746, 0.30608, 0.28573, -0.21192}, {0.30608, 0.28609, 0.26707, -0.19808}, {0.28573, 0.26707, 0.24931, -0.18491}, {-0.21192, -0.19808, -0.18491, 0.13714}},matrix{{0.50588, 0.24137, -0.3066, 0.31257}, {0.24137, 0.11517, -0.14629, 0.14914}, {-0.3066, -0.14629, 0.18583, -0.18944}, {0.31257, 0.14914, -0.18944, 0.19313}},matrix{{0.24901, -0.16249, 0.19481, -0.35022}, {-0.16249, 0.10603, -0.12712, 0.22853}, {0.19481, -0.12712, 0.1524, -0.27398}, {-0.35022, 0.22853, -0.27398, 0.49255}},matrix{{0.03196, 0.14569, 0.095458, -0.024488}, {0.14569, 0.66417, 0.43516, -0.11163}, {0.095458, 0.43516, 0.28511, -0.07314}, {-0.024488, -0.11163, -0.07314, 0.018763}},matrix{{0.36806, 0.2067, 0.42915, -0.075445}, {0.2067, 0.11608, 0.24101, -0.04237}, {0.42915, 0.24101, 0.50039, -0.087969}, {-0.075445, -0.04237, -0.087969, 0.015465}},matrix{{0.23368, -0.18362, -0.37885, -0.042801}, {-0.18362, 0.14429, 0.29769, 0.033632}, {-0.37885, 0.29769, 0.61419, 0.069389}, {-0.042801, 0.033632, 0.069389, 0.0078392}},matrix{{0.0024183, -0.039075, -0.022893, 0.019014}, {-0.039075, 0.63136, 0.36991, -0.30722}, {-0.022893, 0.36991, 0.21673, -0.18}, {0.019014, -0.30722, -0.18, 0.14949}},matrix{{0.20299, 0.29866, 0.089333, 0.25418}, {0.29866, 0.43941, 0.13143, 0.37397}, {0.089333, 0.13143, 0.039314, 0.11186}, {0.25418, 0.37397, 0.11186, 0.31828}},matrix{{0.067489, -0.13713, 0.21005, 0.0026449}, {-0.13713, 0.27865, -0.42681, -0.0053744}, {0.21005, -0.42681, 0.65376, 0.008232}, {0.0026449, -0.0053744, 0.008232, 0.00010366}},matrix{{0.18024, 0.2823, -0.19617, 0.17198}, {0.2823, 0.44214, -0.30725, 0.26937}, {-0.19617, -0.30725, 0.21351, -0.18719}, {0.17198, 0.26937, -0.18719, 0.1641}},matrix{{0.16646, 0.30585, 0.023872, 0.21128}, {0.30585, 0.56195, 0.043861, 0.38819}, {0.023872, 0.043861, 0.0034234, 0.030299}, {0.21128, 0.38819, 0.030299, 0.26816}},matrix{{0.25512, -0.31226, -0.03909, 0.30166}, {-0.31226, 0.3822, 0.047845, -0.36923}, {-0.03909, 0.047845, 0.0059894, -0.04622}, {0.30166, -0.36923, -0.04622, 0.35669}},matrix{{0.10781, 0.26581, -0.0079034, -0.15958}, {0.26581, 0.65538, -0.019487, -0.39347}, {-0.0079034, -0.019487, 0.0005794, 0.011699}, {-0.15958, -0.39347, 0.011699, 0.23623}},matrix{{0.55951, 0.29351, -0.14129, -0.37463}, {0.29351, 0.15397, -0.074117, -0.19653}, {-0.14129, -0.074117, 0.035677, 0.094601}, {-0.37463, -0.19653, 0.094601, 0.25084}},matrix{{0.16191, -0.32332, 0.15385, 0.086511}, {-0.32332, 0.64567, -0.30724, -0.17276}, {0.15385, -0.30724, 0.14619, 0.082206}, {0.086511, -0.17276, 0.082206, 0.046225}},matrix{{0.15687, -0.10218, -0.26717, 0.2246}, {-0.10218, 0.066556, 0.17402, -0.14629}, {-0.26717, 0.17402, 0.45502, -0.38251}, {0.2246, -0.14629, -0.38251, 0.32155}},matrix{{0.088926, -0.22996, -0.11157, 0.12525}, {-0.22996, 0.59469, 0.28851, -0.3239}, {-0.11157, 0.28851, 0.13997, -0.15714}, {0.12525, -0.3239, -0.15714, 0.17642}},matrix{{0.0013343, 0.029154, 0.015703, 0.015361}, {0.029154, 0.637, 0.34311, 0.33564}, {0.015703, 0.34311, 0.18481, 0.18079}, {0.015361, 0.33564, 0.18079, 0.17685}},matrix{{0.13064, 0.21756, 0.0089219, 0.25722}, {0.21756, 0.36231, 0.014858, 0.42836}, {0.0089219, 0.014858, 0.00060931, 0.017566}, {0.25722, 0.42836, 0.017566, 0.50644}},matrix{{0.21312, 0.28151, 0.29079, 0.062404}, {0.28151, 0.37184, 0.3841, 0.082428}, {0.29079, 0.3841, 0.39676, 0.085145}, {0.062404, 0.082428, 0.085145, 0.018272}},matrix{{0.04189, 0.026613, -0.13952, -0.14128}, {0.026613, 0.016907, -0.088638, -0.089759}, {-0.13952, -0.088638, 0.46469, 0.47056}, {-0.14128, -0.089759, 0.47056, 0.47651}},matrix{{0.11549, 0.23385, 0.18541, 0.11442}, {0.23385, 0.4735, 0.37542, 0.23167}, {0.18541, 0.37542, 0.29765, 0.18368}, {0.11442, 0.23167, 0.18368, 0.11335}},matrix{{0.17412, -0.29179, -0.2068, 0.12605}, {-0.29179, 0.489, 0.34657, -0.21125}, {-0.2068, 0.34657, 0.24562, -0.14972}, {0.12605, -0.21125, -0.14972, 0.09126}},matrix{{2.2365e-5, 0.0033732, 0.0013535, -0.0030256}, {0.0033732, 0.50876, 0.20413, -0.45633}, {0.0013535, 0.20413, 0.081906, -0.1831}, {-0.0030256, -0.45633, -0.1831, 0.40931}},matrix{{0.018904, 0.079473, -0.064089, 0.090129}, {0.079473, 0.33411, -0.26943, 0.37891}, {-0.064089, -0.26943, 0.21728, -0.30556}, {0.090129, 0.37891, -0.30556, 0.42971}},matrix{{0.055753, 0.19701, -0.06359, 0.098941}, {0.19701, 0.69614, -0.2247, 0.34961}, {-0.06359, -0.2247, 0.072528, -0.11285}, {0.098941, 0.34961, -0.11285, 0.17558}},matrix{{0.14116, 0.057504, 0.1382, 0.31436}, {0.057504, 0.023426, 0.0563, 0.12807}, {0.1382, 0.0563, 0.13531, 0.30778}, {0.31436, 0.12807, 0.30778, 0.70011}},matrix{{0.063459, -0.22202, 0.063408, 0.078226}, {-0.22202, 0.77676, -0.22184, -0.27368}, {0.063408, -0.22184, 0.063357, 0.078163}, {0.078226, -0.27368, 0.078163, 0.096429}},matrix{{0.13371, -0.002284, -0.20686, -0.27025}, {-0.002284, 3.9016e-5, 0.0035335, 0.0046164}, {-0.20686, 0.0035335, 0.32002, 0.4181}, {-0.27025, 0.0046164, 0.4181, 0.54623}},matrix{{0.46993, 0.097377, 0.16401, 0.46121}, {0.097377, 0.020178, 0.033986, 0.095571}, {0.16401, 0.033986, 0.057242, 0.16097}, {0.46121, 0.095571, 0.16097, 0.45265}},matrix{{0.68921, -0.41029, 0.0013035, -0.21415}, {-0.41029, 0.24425, -0.00077601, 0.12749}, {0.0013035, -0.00077601, 2.4655e-6, -0.00040503}, {-0.21415, 0.12749, -0.00040503, 0.06654}},matrix{{0.0015206, 0.02738, -0.024557, 0.012867}, {0.02738, 0.493, -0.44218, 0.23168}, {-0.024557, -0.44218, 0.3966, -0.2078}, {0.012867, 0.23168, -0.2078, 0.10888}},matrix{{0.26136, 0.29986, -0.28816, 0.14177}, {0.29986, 0.34402, -0.33061, 0.16266}, {-0.28816, -0.33061, 0.31771, -0.15631}, {0.14177, 0.16266, -0.15631, 0.076904}},matrix{{0.46467, -0.010919, -0.47737, -0.14407}, {-0.010919, 0.00025656, 0.011217, 0.0033852}, {-0.47737, 0.011217, 0.4904, 0.148}, {-0.14407, 0.0033852, 0.148, 0.044666}},matrix{{0.0036151, -0.025178, -0.015038, -0.052364}, {-0.025178, 0.17536, 0.10474, 0.3647}, {-0.015038, 0.10474, 0.062556, 0.21782}, {-0.052364, 0.3647, 0.21782, 0.75847}},matrix{{0.49577, -0.21251, -0.20333, -0.40432}, {-0.21251, 0.091093, 0.087159, 0.17331}, {-0.20333, 0.087159, 0.083394, 0.16583}, {-0.40432, 0.17331, 0.16583, 0.32974}},matrix{{0.15758, -0.18175, -0.1982, -0.24584}, {-0.18175, 0.20962, 0.22859, 0.28354}, {-0.1982, 0.22859, 0.24928, 0.3092}, {-0.24584, 0.28354, 0.3092, 0.38351}},matrix{{0.50123, -0.051638, 0.37412, -0.32767}, {-0.051638, 0.0053198, -0.038542, 0.033757}, {0.37412, -0.038542, 0.27924, -0.24457}, {-0.32767, 0.033757, -0.24457, 0.2142}},matrix{{0.094676, 0.10951, -0.052617, 0.26637}, {0.10951, 0.12667, -0.060861, 0.30811}, {-0.052617, -0.060861, 0.029242, -0.14803}, {0.26637, 0.30811, -0.14803, 0.74941}},matrix{{0.040674, 0.15017, 0.0086812, -0.12804}, {0.15017, 0.55441, 0.03205, -0.47272}, {0.0086812, 0.03205, 0.0018528, -0.027328}, {-0.12804, -0.47272, -0.027328, 0.40306}},matrix{{0.23218, -0.25197, -0.045536, 0.33573}, {-0.25197, 0.27344, 0.049416, -0.36433}, {-0.045536, 0.049416, 0.0089308, -0.065844}, {0.33573, -0.36433, -0.065844, 0.48545}},matrix{{0.37028, 0.38423, -0.2365, -0.17206}, {0.38423, 0.39872, -0.24541, -0.17854}, {-0.2365, -0.24541, 0.15106, 0.1099}, {-0.17206, -0.17854, 0.1099, 0.079951}},matrix{{0.063348, -0.0031954, 0.13502, 0.20271}, {-0.0031954, 0.00016118, -0.0068108, -0.010225}, {0.13502, -0.0068108, 0.2878, 0.43208}, {0.20271, -0.010225, 0.43208, 0.64869}},matrix{{0.23045, -0.28361, -0.10749, -0.29215}, {-0.28361, 0.34904, 0.13228, 0.35955}, {-0.10749, 0.13228, 0.050134, 0.13627}, {-0.29215, 0.35955, 0.13627, 0.37038}},matrix{{0.033388, 0.12146, 0.0033544, 0.13232}, {0.12146, 0.44186, 0.012203, 0.48137}, {0.0033544, 0.012203, 0.000337, 0.013294}, {0.13232, 0.48137, 0.013294, 0.52442}},matrix{{0.01034, -0.026988, -0.033845, 0.091427}, {-0.026988, 0.070442, 0.088341, -0.23864}, {-0.033845, 0.088341, 0.11079, -0.29927}, {0.091427, -0.23864, -0.29927, 0.80843}},matrix{{0.25469, -0.29741, 0.30577, 0.088751}, {-0.29741, 0.34729, -0.35705, -0.10364}, {0.30577, -0.35705, 0.3671, 0.10655}, {0.088751, -0.10364, 0.10655, 0.030927}},matrix{{0.035146, -0.14976, -0.10456, -0.023437}, {-0.14976, 0.63815, 0.44555, 0.099868}, {-0.10456, 0.44555, 0.31108, 0.069727}, {-0.023437, 0.099868, 0.069727, 0.015629}},matrix{{0.10095, -0.0027387, 0.15627, 0.25755}, {-0.0027387, 7.4298e-5, -0.0042394, -0.0069871}, {0.15627, -0.0042394, 0.2419, 0.39868}, {0.25755, -0.0069871, 0.39868, 0.65707}},matrix{{0.32156, 0.42563, 0.16956, 0.090803}, {0.42563, 0.5634, 0.22444, 0.12019}, {0.16956, 0.22444, 0.089407, 0.047881}, {0.090803, 0.12019, 0.047881, 0.025642}},matrix{{0.48983, -0.17296, -0.40197, 0.24166}, {-0.17296, 0.061072, 0.14194, -0.085329}, {-0.40197, 0.14194, 0.32987, -0.19831}, {0.24166, -0.085329, -0.19831, 0.11922}},matrix{{0.36277, 0.14809, 0.45527, -0.044372}, {0.14809, 0.060451, 0.18585, -0.018113}, {0.45527, 0.18585, 0.57136, -0.055687}, {-0.044372, -0.018113, -0.055687, 0.0054275}},matrix{{0.012607, 0.034528, -0.098467, 0.039504}, {0.034528, 0.094562, -0.26967, 0.10819}, {-0.098467, -0.26967, 0.76905, -0.30853}, {0.039504, 0.10819, -0.30853, 0.12378}},matrix{{0.72702, 0.31525, -0.30536, -0.076429}, {0.31525, 0.1367, -0.13241, -0.033141}, {-0.30536, -0.13241, 0.12825, 0.032101}, {-0.076429, -0.033141, 0.032101, 0.0080348}},matrix{{0.057332, 0.11355, 0.18127, -0.091063}, {0.11355, 0.2249, 0.35902, -0.18036}, {0.18127, 0.35902, 0.57313, -0.28792}, {-0.091063, -0.18036, -0.28792, 0.14464}},matrix{{0.15982, 0.050135, -0.34775, -0.10408}, {0.050135, 0.015727, -0.10909, -0.032649}, {-0.34775, -0.10909, 0.75667, 0.22647}, {-0.10408, -0.032649, 0.22647, 0.067779}},matrix{{0.10663, -0.055363, 0.063233, -0.29698}, {-0.055363, 0.028745, -0.032831, 0.15419}, {0.063233, -0.032831, 0.037498, -0.17611}, {-0.29698, 0.15419, -0.17611, 0.82713}},matrix{{0.031528, -0.099675, -0.13688, 0.043164}, {-0.099675, 0.31513, 0.43274, -0.13646}, {-0.13688, 0.43274, 0.59425, -0.18739}, {0.043164, -0.13646, -0.18739, 0.059094}},matrix{{0.23649, 0.2706, 0.18691, -0.26907}, {0.2706, 0.30965, 0.21387, -0.30789}, {0.18691, 0.21387, 0.14772, -0.21266}, {-0.26907, -0.30789, -0.21266, 0.30614}},matrix{{0.45303, -0.17688, 0.18766, 0.42578}, {-0.17688, 0.069063, -0.073269, -0.16624}, {0.18766, -0.073269, 0.077732, 0.17637}, {0.42578, -0.16624, 0.17637, 0.40018}},matrix{{0.0068945, 0.031912, 0.063862, -0.041836}, {0.031912, 0.14771, 0.29559, -0.19364}, {0.063862, 0.29559, 0.59153, -0.38752}, {-0.041836, -0.19364, -0.38752, 0.25386}},matrix{{0.62477, 0.13269, 0.39955, -0.23913}, {0.13269, 0.02818, 0.084856, -0.050787}, {0.39955, 0.084856, 0.25552, -0.15293}, {-0.23913, -0.050787, -0.15293, 0.091531}},matrix{{0.19033, 0.1141, 0.28785, -0.2413}, {0.1141, 0.068401, 0.17256, -0.14466}, {0.28785, 0.17256, 0.43534, -0.36494}, {-0.2413, -0.14466, -0.36494, 0.30593}},matrix{{0.17553, 0.064902, -0.31193, -0.20785}, {0.064902, 0.023997, -0.11534, -0.076854}, {-0.31193, -0.11534, 0.55434, 0.36938}, {-0.20785, -0.076854, 0.36938, 0.24613}},matrix{{0.091715, 0.20491, -0.087062, 0.18367}, {0.20491, 0.45781, -0.19451, 0.41036}, {-0.087062, -0.19451, 0.082646, -0.17435}, {0.18367, 0.41036, -0.17435, 0.36783}},matrix{{0.49723, -0.4439, 0.22964, -0.014537}, {-0.4439, 0.39628, -0.20501, 0.012978}, {0.22964, -0.20501, 0.10606, -0.0067138}, {-0.014537, 0.012978, -0.0067138, 0.00042499}},matrix{{0.11376, -0.2249, -0.21697, 0.056234}, {-0.2249, 0.44464, 0.42894, -0.11118}, {-0.21697, 0.42894, 0.4138, -0.10725}, {0.056234, -0.11118, -0.10725, 0.027798}},matrix{{0.68798, 0.34956, 0.30293, 0.026559}, {0.34956, 0.17761, 0.15392, 0.013495}, {0.30293, 0.15392, 0.13338, 0.011694}, {0.026559, 0.013495, 0.011694, 0.0010253}},matrix{{0.25392, 0.28868, -0.31647, 0.077136}, {0.28868, 0.32821, -0.3598, 0.087697}, {-0.31647, -0.3598, 0.39444, -0.096138}, {0.077136, 0.087697, -0.096138, 0.023432}},matrix{{0.20819, -0.32381, -0.24014, -0.048228}, {-0.32381, 0.50363, 0.37351, 0.075012}, {-0.24014, 0.37351, 0.27701, 0.055631}, {-0.048228, 0.075012, 0.055631, 0.011172}},matrix{{0.3425, -0.14304, -0.22366, 0.39333}, {-0.14304, 0.059738, 0.093406, -0.16427}, {-0.22366, 0.093406, 0.14605, -0.25685}, {0.39333, -0.16427, -0.25685, 0.45171}},matrix{{0.39564, -0.26747, -0.30332, 0.27488}, {-0.26747, 0.18083, 0.20506, -0.18584}, {-0.30332, 0.20506, 0.23255, -0.21075}, {0.27488, -0.18584, -0.21075, 0.19099}},matrix{{0.085373, 0.042242, 0.16835, 0.21899}, {0.042242, 0.020901, 0.0833, 0.10836}, {0.16835, 0.0833, 0.33199, 0.43185}, {0.21899, 0.10836, 0.43185, 0.56174}},matrix{{0.36646, -0.032675, 0.37835, 0.29657}, {-0.032675, 0.0029133, -0.033734, -0.026443}, {0.37835, -0.033734, 0.39062, 0.30619}, {0.29657, -0.026443, 0.30619, 0.24}},matrix{{0.10827, -0.23218, -0.18066, -0.10003}, {-0.23218, 0.49787, 0.3874, 0.2145}, {-0.18066, 0.3874, 0.30144, 0.16691}, {-0.10003, 0.2145, 0.16691, 0.092416}},matrix{{0.0064491, -0.020695, -0.045175, -0.062757}, {-0.020695, 0.066409, 0.14497, 0.20139}, {-0.045175, 0.14497, 0.31644, 0.4396}, {-0.062757, 0.20139, 0.4396, 0.6107}},matrix{{0.030956, -0.011174, 0.065001, -0.16015}, {-0.011174, 0.0040335, -0.023463, 0.057808}, {0.065001, -0.023463, 0.13649, -0.33628}, {-0.16015, 0.057808, -0.33628, 0.82852}},matrix{{0.39942, -0.46726, 0.10394, -0.1037}, {-0.46726, 0.54661, -0.12159, 0.12131}, {0.10394, -0.12159, 0.027047, -0.026984}, {-0.1037, 0.12131, -0.026984, 0.026922}},matrix{{0.77552, -0.096615, 0.31453, -0.25656}, {-0.096615, 0.012036, -0.039184, 0.031963}, {0.31453, -0.039184, 0.12756, -0.10405}, {-0.25656, 0.031963, -0.10405, 0.084877}},matrix{{0.10809, -0.19505, -0.21893, -0.10212}, {-0.19505, 0.35198, 0.39507, 0.18428}, {-0.21893, 0.39507, 0.44345, 0.20685}, {-0.10212, 0.18428, 0.20685, 0.096484}},matrix{{0.0039659, 0.059322, 0.0081356, -0.019104}, {0.059322, 0.88732, 0.12169, -0.28575}, {0.0081356, 0.12169, 0.016689, -0.039189}, {-0.019104, -0.28575, -0.039189, 0.092025}},matrix{{0.79073, 0.25908, -0.23963, -0.20231}, {0.25908, 0.084885, -0.078513, -0.066286}, {-0.23963, -0.078513, 0.072618, 0.06131}, {-0.20231, -0.066286, 0.06131, 0.051763}},matrix{{0.20977, -0.19379, 0.27634, -0.22771}, {-0.19379, 0.17902, -0.25528, 0.21036}, {0.27634, -0.25528, 0.36403, -0.29997}, {-0.22771, 0.21036, -0.29997, 0.24718}},matrix{{0.15573, -0.22328, 0.1393, 0.24944}, {-0.22328, 0.32012, -0.19972, -0.35763}, {0.1393, -0.19972, 0.12461, 0.22313}, {0.24944, -0.35763, 0.22313, 0.39954}},matrix{{0.015351, 0.077197, -0.01214, 0.094914}, {0.077197, 0.3882, -0.061049, 0.4773}, {-0.01214, -0.061049, 0.0096007, -0.075061}, {0.094914, 0.4773, -0.075061, 0.58685}},matrix{{0.15829, 0.24024, -0.12569, -0.24437}, {0.24024, 0.36463, -0.19077, -0.3709}, {-0.12569, -0.19077, 0.099811, 0.19405}, {-0.24437, -0.3709, 0.19405, 0.37727}},matrix{{0.38784, -0.044847, -0.0769, -0.47906}, {-0.044847, 0.0051858, 0.0088922, 0.055395}, {-0.0769, 0.0088922, 0.015248, 0.094987}, {-0.47906, 0.055395, 0.094987, 0.59173}},matrix{{0.39566, 0.38565, -0.30049, -0.0097472}, {0.38565, 0.37589, -0.29288, -0.0095005}, {-0.30049, -0.29288, 0.22821, 0.0074026}, {-0.0097472, -0.0095005, 0.0074026, 0.00024012}},matrix{{0.29524, 0.4089, 0.081285, -0.18513}, {0.4089, 0.5663, 0.11258, -0.25639}, {0.081285, 0.11258, 0.022379, -0.050968}, {-0.18513, -0.25639, -0.050968, 0.11608}},matrix{{0.18845, 0.26999, 0.18907, 0.21046}, {0.26999, 0.38682, 0.27088, 0.30152}, {0.18907, 0.27088, 0.1897, 0.21115}, {0.21046, 0.30152, 0.21115, 0.23504}},matrix{{0.57052, 0.18639, 0.38639, -0.24697}, {0.18639, 0.060891, 0.12623, -0.080683}, {0.38639, 0.12623, 0.26168, -0.16726}, {-0.24697, -0.080683, -0.16726, 0.10691}},matrix{{0.12142, 0.20141, -0.16427, -0.19781}, {0.20141, 0.33408, -0.27248, -0.32812}, {-0.16427, -0.27248, 0.22223, 0.26761}, {-0.19781, -0.32812, 0.26761, 0.32226}},matrix{{0.68001, -0.16187, 0.35926, -0.24966}, {-0.16187, 0.038534, -0.085521, 0.059431}, {0.35926, -0.085521, 0.1898, -0.1319}, {-0.24966, 0.059431, -0.1319, 0.091659}},matrix{{0.21419, -0.072457, 0.12652, 0.38348}, {-0.072457, 0.024511, -0.0428, -0.12972}, {0.12652, -0.0428, 0.074735, 0.22652}, {0.38348, -0.12972, 0.22652, 0.68657}},matrix{{0.25877, 0.17387, 0.13058, 0.38016}, {0.17387, 0.11683, 0.087742, 0.25544}, {0.13058, 0.087742, 0.065897, 0.19184}, {0.38016, 0.25544, 0.19184, 0.5585}},matrix{{0.39393, -0.24191, 0.26346, -0.33289}, {-0.24191, 0.14856, -0.16179, 0.20443}, {0.26346, -0.16179, 0.1762, -0.22264}, {-0.33289, 0.20443, -0.22264, 0.28131}},matrix{{0.43952, -0.38619, -0.26453, 0.165}, {-0.38619, 0.33932, 0.23243, -0.14498}, {-0.26453, 0.23243, 0.15921, -0.099308}, {0.165, -0.14498, -0.099308, 0.061942}},matrix{{0.33436, 0.32324, -0.28545, 0.19131}, {0.32324, 0.31249, -0.27596, 0.18495}, {-0.28545, -0.27596, 0.2437, -0.16332}, {0.19131, 0.18495, -0.16332, 0.10946}},matrix{{0.63628, -0.12979, -0.43162, 0.16817}, {-0.12979, 0.026477, 0.088047, -0.034305}, {-0.43162, 0.088047, 0.2928, -0.11408}, {0.16817, -0.034305, -0.11408, 0.044448}},matrix{{0.36183, 0.26723, -0.20335, -0.34372}, {0.26723, 0.19736, -0.15018, -0.25385}, {-0.20335, -0.15018, 0.11429, 0.19318}, {-0.34372, -0.25385, 0.19318, 0.32652}},matrix{{0.073128, 0.10203, -0.1929, 0.14198}, {0.10203, 0.14235, -0.26914, 0.1981}, {-0.1929, -0.26914, 0.50884, -0.37453}, {0.14198, 0.1981, -0.37453, 0.27567}},matrix{{0.019148, -0.091807, -0.037516, -0.09458}, {-0.091807, 0.44017, 0.17987, 0.45347}, {-0.037516, 0.17987, 0.073505, 0.18531}, {-0.09458, 0.45347, 0.18531, 0.46717}},matrix{{0.095273, 0.16717, -0.18364, 0.15661}, {0.16717, 0.29331, -0.32221, 0.27479}, {-0.18364, -0.32221, 0.35397, -0.30188}, {0.15661, 0.27479, -0.30188, 0.25745}},matrix{{0.4992, 0.49517, -0.063586, -0.027596}, {0.49517, 0.49118, -0.063073, -0.027373}, {-0.063586, -0.063073, 0.0080993, 0.003515}, {-0.027596, -0.027373, 0.003515, 0.0015255}},matrix{{0.40249, -0.3305, 0.3621, -0.012039}, {-0.3305, 0.27138, -0.29734, 0.0098856}, {0.3621, -0.29734, 0.32577, -0.010831}, {-0.012039, 0.0098856, -0.010831, 0.0003601}},matrix{{0.23857, 0.31492, 0.068959, -0.2788}, {0.31492, 0.41569, 0.091026, -0.36801}, {0.068959, 0.091026, 0.019933, -0.080586}, {-0.2788, -0.36801, -0.080586, 0.3258}},matrix{{0.66687, -0.31289, -0.32326, 0.14055}, {-0.31289, 0.14681, 0.15167, -0.065945}, {-0.32326, 0.15167, 0.1567, -0.06813}, {0.14055, -0.065945, -0.06813, 0.029622}},matrix{{0.0096777, 0.07577, 0.061973, -0.001506}, {0.07577, 0.59323, 0.48521, -0.011791}, {0.061973, 0.48521, 0.39686, -0.0096441}, {-0.001506, -0.011791, -0.0096441, 0.00023436}},matrix{{0.022199, 0.12166, 0.082547, 0.0095531}, {0.12166, 0.66673, 0.45239, 0.052355}, {0.082547, 0.45239, 0.30696, 0.035524}, {0.0095531, 0.052355, 0.035524, 0.0041111}},matrix{{0.46426, 0.19814, 0.2065, 0.40843}, {0.19814, 0.084564, 0.088133, 0.17431}, {0.2065, 0.088133, 0.091853, 0.18167}, {0.40843, 0.17431, 0.18167, 0.35932}},matrix{{0.017792, -0.124, -0.039197, -0.023725}, {-0.124, 0.86421, 0.27318, 0.16535}, {-0.039197, 0.27318, 0.086356, 0.052269}, {-0.023725, 0.16535, 0.052269, 0.031637}},matrix{{0.067414, -0.23186, 0.03404, -0.089177}, {-0.23186, 0.79743, -0.11707, 0.30671}, {0.03404, -0.11707, 0.017188, -0.045028}, {-0.089177, 0.30671, -0.045028, 0.11796}},matrix{{0.32063, -0.37244, -0.26101, 0.1048}, {-0.37244, 0.43263, 0.3032, -0.12174}, {-0.26101, 0.3032, 0.21249, -0.085318}, {0.1048, -0.12174, -0.085318, 0.034257}},matrix{{0.022702, 0.11654, 0.026573, 0.088874}, {0.11654, 0.59827, 0.13641, 0.45624}, {0.026573, 0.13641, 0.031103, 0.10403}, {0.088874, 0.45624, 0.10403, 0.34792}},matrix{{0.023486, 0.033145, 0.040614, -0.14208}, {0.033145, 0.046777, 0.057317, -0.20051}, {0.040614, 0.057317, 0.070233, -0.24569}, {-0.14208, -0.20051, -0.24569, 0.8595}},matrix{{0.48885, -0.15396, 0.25202, -0.40331}, {-0.15396, 0.048492, -0.079373, 0.12702}, {0.25202, -0.079373, 0.12992, -0.20792}, {-0.40331, 0.12702, -0.20792, 0.33274}},matrix{{0.60491, -0.33552, 0.35529, 0.013609}, {-0.33552, 0.18611, -0.19707, -0.0075483}, {0.35529, -0.19707, 0.20868, 0.0079931}, {0.013609, -0.0075483, 0.0079931, 0.00030616}},matrix{{0.18744, -0.087524, -0.33519, 0.1797}, {-0.087524, 0.040869, 0.15652, -0.083909}, {-0.33519, 0.15652, 0.59941, -0.32135}, {0.1797, -0.083909, -0.32135, 0.17228}},matrix{{0.28248, 0.030475, 0.39136, 0.22045}, {0.030475, 0.0032877, 0.04222, 0.023783}, {0.39136, 0.04222, 0.54219, 0.30541}, {0.22045, 0.023783, 0.30541, 0.17204}},matrix{{0.14895, -0.037525, -0.21769, -0.27923}, {-0.037525, 0.0094536, 0.054842, 0.070345}, {-0.21769, 0.054842, 0.31815, 0.40809}, {-0.27923, 0.070345, 0.40809, 0.52344}},matrix{{0.93134, 0.046894, -0.17153, 0.17979}, {0.046894, 0.0023612, -0.0086369, 0.0090527}, {-0.17153, -0.0086369, 0.031593, -0.033114}, {0.17979, 0.0090527, -0.033114, 0.034708}},matrix{{0.27035, -0.0695, -0.23887, -0.36793}, {-0.0695, 0.017867, 0.061406, 0.094585}, {-0.23887, 0.061406, 0.21105, 0.32508}, {-0.36793, 0.094585, 0.32508, 0.50073}},matrix{{0.35903, -0.27789, 0.28039, -0.27256}, {-0.27789, 0.21508, -0.21702, 0.21096}, {0.28039, -0.21702, 0.21897, -0.21286}, {-0.27256, 0.21096, -0.21286, 0.20691}},matrix{{0.2279, 0.20841, -0.035016, 0.36235}, {0.20841, 0.19059, -0.032021, 0.33137}, {-0.035016, -0.032021, 0.00538, -0.055674}, {0.36235, 0.33137, -0.055674, 0.57614}},matrix{{0.23896, 0.10521, 0.39553, 0.11979}, {0.10521, 0.046323, 0.17414, 0.05274}, {0.39553, 0.17414, 0.65467, 0.19827}, {0.11979, 0.05274, 0.19827, 0.060046}},matrix{{0.27228, 0.35003, -0.090672, -0.25962}, {0.35003, 0.44997, -0.11656, -0.33376}, {-0.090672, -0.11656, 0.030195, 0.086458}, {-0.25962, -0.33376, 0.086458, 0.24756}},matrix{{0.28367, 0.169, 0.021395, -0.41735}, {0.169, 0.10068, 0.012746, -0.24864}, {0.021395, 0.012746, 0.0016137, -0.031478}, {-0.41735, -0.24864, -0.031478, 0.61404}},matrix{{0.19873, -0.19793, 0.3306, 0.10374}, {-0.19793, 0.19713, -0.32927, -0.10332}, {0.3306, -0.32927, 0.54999, 0.17258}, {0.10374, -0.10332, 0.17258, 0.054151}},matrix{{0.41327, 0.14025, 0.39587, 0.25709}, {0.14025, 0.047596, 0.13434, 0.087247}, {0.39587, 0.13434, 0.3792, 0.24626}, {0.25709, 0.087247, 0.24626, 0.15993}},matrix{{0.11655, 0.012534, -0.12081, 0.29701}, {0.012534, 0.0013479, -0.012992, 0.03194}, {-0.12081, -0.012992, 0.12522, -0.30786}, {0.29701, 0.03194, -0.30786, 0.75688}},matrix{{0.49784, -0.12313, 0.32486, 0.35958}, {-0.12313, 0.030456, -0.080351, -0.088937}, {0.32486, -0.080351, 0.21199, 0.23464}, {0.35958, -0.088937, 0.23464, 0.25972}},matrix{{0.11814, 0.3203, -0.024005, 0.03189}, {0.3203, 0.86837, -0.065079, 0.086458}, {-0.024005, -0.065079, 0.0048773, -0.0064795}, {0.03189, 0.086458, -0.0064795, 0.008608}},matrix{{0.035246, -0.0068747, 0.16472, 0.082602}, {-0.0068747, 0.0013409, -0.032129, -0.016112}, {0.16472, -0.032129, 0.76982, 0.38604}, {0.082602, -0.016112, 0.38604, 0.19359}},matrix{{0.35944, -0.40689, -0.068735, 0.24486}, {-0.40689, 0.46061, 0.077809, -0.27719}, {-0.068735, 0.077809, 0.013144, -0.046824}, {0.24486, -0.27719, -0.046824, 0.1668}},matrix{{0.18502, -0.12994, -0.34385, -0.12518}, {-0.12994, 0.09125, 0.24148, 0.087914}, {-0.34385, 0.24148, 0.63903, 0.23265}, {-0.12518, 0.087914, 0.23265, 0.0847}},matrix{{0.041245, 0.09473, 0.10783, 0.13763}, {0.09473, 0.21757, 0.24766, 0.31611}, {0.10783, 0.24766, 0.28191, 0.35983}, {0.13763, 0.31611, 0.35983, 0.45927}},matrix{{0.86481, -0.14539, -0.10889, -0.28968}, {-0.14539, 0.024443, 0.018306, 0.048701}, {-0.10889, 0.018306, 0.01371, 0.036473}, {-0.28968, 0.048701, 0.036473, 0.097034}},matrix{{0.35009, -0.10211, -0.38508, -0.26233}, {-0.10211, 0.029782, 0.11231, 0.076513}, {-0.38508, 0.11231, 0.42356, 0.28854}, {-0.26233, 0.076513, 0.28854, 0.19657}},matrix{{0.033125, 0.11284, 0.10841, 0.086842}, {0.11284, 0.38439, 0.3693, 0.29583}, {0.10841, 0.3693, 0.35481, 0.28422}, {0.086842, 0.29583, 0.28422, 0.22767}},matrix{{0.24138, -0.075346, -0.39796, -0.13807}, {-0.075346, 0.023519, 0.12422, 0.043098}, {-0.39796, 0.12422, 0.65612, 0.22764}, {-0.13807, 0.043098, 0.22764, 0.078977}},matrix{{0.78137, -0.31966, -0.018856, -0.26133}, {-0.31966, 0.13077, 0.007714, 0.10691}, {-0.018856, 0.007714, 0.00045503, 0.0063065}, {-0.26133, 0.10691, 0.0063065, 0.087405}},matrix{{0.5357, 0.27478, -0.073809, -0.4096}, {0.27478, 0.14094, -0.037859, -0.2101}, {-0.073809, -0.037859, 0.010169, 0.056435}, {-0.4096, -0.2101, 0.056435, 0.31319}},matrix{{0.0089701, 0.00087881, -0.08828, 0.033099}, {0.00087881, 8.6098e-5, -0.0086489, 0.0032427}, {-0.08828, -0.0086489, 0.86881, -0.32574}, {0.033099, 0.0032427, -0.32574, 0.12213}},matrix{{0.28484, -0.18263, 0.29351, -0.29018}, {-0.18263, 0.1171, -0.18819, 0.18606}, {0.29351, -0.18819, 0.30244, -0.29901}, {-0.29018, 0.18606, -0.29901, 0.29562}},matrix{{0.1115, -0.19516, -0.094678, 0.22806}, {-0.19516, 0.34161, 0.16572, -0.3992}, {-0.094678, 0.16572, 0.080396, -0.19366}, {0.22806, -0.3992, -0.19366, 0.4665}},matrix{{0.12475, 0.038487, -0.04414, -0.3252}, {0.038487, 0.011874, -0.013618, -0.10033}, {-0.04414, -0.013618, 0.015619, 0.11507}, {-0.3252, -0.10033, 0.11507, 0.84776}},matrix{{0.5747, 0.062484, 0.27154, -0.40839}, {0.062484, 0.0067935, 0.029523, -0.044402}, {0.27154, 0.029523, 0.1283, -0.19296}, {-0.40839, -0.044402, -0.19296, 0.29021}},matrix{{0.00017202, 0.0079259, -0.0070886, 0.007676}, {0.0079259, 0.36519, -0.32661, 0.35368}, {-0.0070886, -0.32661, 0.29211, -0.31632}, {0.007676, 0.35368, -0.31632, 0.34252}},matrix{{0.025495, 0.13881, -0.068273, 0.030282}, {0.13881, 0.75571, -0.3717, 0.16487}, {-0.068273, -0.3717, 0.18283, -0.081091}, {0.030282, 0.16487, -0.081091, 0.035967}},matrix{{0.58716, -0.26189, 0.27755, -0.3111}, {-0.26189, 0.11681, -0.12379, 0.13876}, {0.27755, -0.12379, 0.1312, -0.14706}, {-0.3111, 0.13876, -0.14706, 0.16484}},matrix{{0.23184, -0.27744, -0.31071, 0.067637}, {-0.27744, 0.33202, 0.37183, -0.080942}, {-0.31071, 0.37183, 0.41641, -0.090647}, {0.067637, -0.080942, -0.090647, 0.019733}},matrix{{0.63221, 0.076371, 0.47152, 0.065994}, {0.076371, 0.0092257, 0.05696, 0.0079721}, {0.47152, 0.05696, 0.35167, 0.04922}, {0.065994, 0.0079721, 0.04922, 0.0068888}},matrix{{0.036447, 0.11368, -0.083865, -0.12314}, {0.11368, 0.35456, -0.26157, -0.38406}, {-0.083865, -0.26157, 0.19297, 0.28334}, {-0.12314, -0.38406, 0.28334, 0.41602}},matrix{{0.42435, -0.10824, 0.10204, -0.47133}, {-0.10824, 0.027608, -0.026027, 0.12022}, {0.10204, -0.026027, 0.024536, -0.11333}, {-0.47133, 0.12022, -0.11333, 0.5235}},matrix{{0.036435, 0.084588, -0.16587, -0.020985}, {0.084588, 0.19638, -0.38508, -0.048718}, {-0.16587, -0.38508, 0.7551, 0.095531}, {-0.020985, -0.048718, 0.095531, 0.012086}},matrix{{0.086063, 0.1566, -0.22047, -0.074344}, {0.1566, 0.28495, -0.40116, -0.13528}, {-0.22047, -0.40116, 0.56477, 0.19045}, {-0.074344, -0.13528, 0.19045, 0.064221}},matrix{{0.49108, -0.12237, -0.093294, 0.47565}, {-0.12237, 0.030491, 0.023247, -0.11852}, {-0.093294, 0.023247, 0.017724, -0.090363}, {0.47565, -0.11852, -0.090363, 0.46071}},matrix{{0.25434, 0.32144, -0.25531, -0.14542}, {0.32144, 0.40624, -0.32266, -0.18378}, {-0.25531, -0.32266, 0.25628, 0.14597}, {-0.14542, -0.18378, 0.14597, 0.083144}},matrix{{0.46568, 0.3042, 0.10812, 0.38026}, {0.3042, 0.19872, 0.070626, 0.2484}, {0.10812, 0.070626, 0.025101, 0.088284}, {0.38026, 0.2484, 0.088284, 0.31051}},matrix{{0.52111, 0.041931, 0.024134, 0.49721}, {0.041931, 0.003374, 0.001942, 0.040008}, {0.024134, 0.001942, 0.0011177, 0.023027}, {0.49721, 0.040008, 0.023027, 0.4744}},matrix{{0.044688, 0.16862, -0.040214, 0.11243}, {0.16862, 0.63624, -0.15174, 0.42424}, {-0.040214, -0.15174, 0.036188, -0.10118}, {0.11243, 0.42424, -0.10118, 0.28288}},matrix{{0.079143, -0.14655, 0.086598, -0.20953}, {-0.14655, 0.27135, -0.16035, 0.38798}, {0.086598, -0.16035, 0.094755, -0.22927}, {-0.20953, 0.38798, -0.22927, 0.55475}},matrix{{0.087913, 0.18254, 0.12139, -0.17924}, {0.18254, 0.37903, 0.25206, -0.37217}, {0.12139, 0.25206, 0.16762, -0.2475}, {-0.17924, -0.37217, -0.2475, 0.36544}},matrix{{0.028598, -0.058014, 0.081541, 0.13329}, {-0.058014, 0.11769, -0.16541, -0.27039}, {0.081541, -0.16541, 0.2325, 0.38004}, {0.13329, -0.27039, 0.38004, 0.62122}},matrix{{0.36382, -0.31073, -0.01224, 0.36709}, {-0.31073, 0.26539, 0.010454, -0.31352}, {-0.01224, 0.010454, 0.00041181, -0.01235}, {0.36709, -0.31352, -0.01235, 0.37039}},matrix{{0.58004, 0.25551, 0.41512, -0.077336}, {0.25551, 0.11256, 0.18286, -0.034067}, {0.41512, 0.18286, 0.29709, -0.055347}, {-0.077336, -0.034067, -0.055347, 0.010311}},matrix{{0.42928, 0.45121, -0.18995, -0.073013}, {0.45121, 0.47425, -0.19965, -0.076742}, {-0.18995, -0.19965, 0.084049, 0.032307}, {-0.073013, -0.076742, 0.032307, 0.012418}},matrix{{0.26011, -0.18892, 0.3246, 0.22671}, {-0.18892, 0.13721, -0.23575, -0.16466}, {0.3246, -0.23575, 0.40507, 0.28292}, {0.22671, -0.16466, 0.28292, 0.19761}},matrix{{0.0081825, 0.047686, -0.073834, -0.019753}, {0.047686, 0.27791, -0.43029, -0.11512}, {-0.073834, -0.43029, 0.66623, 0.17823}, {-0.019753, -0.11512, 0.17823, 0.047683}},matrix{{0.17197, -0.31196, -0.15897, 0.14074}, {-0.31196, 0.5659, 0.28837, -0.25531}, {-0.15897, 0.28837, 0.14695, -0.1301}, {0.14074, -0.25531, -0.1301, 0.11518}},matrix{{0.56361, 0.32265, -0.34936, 0.1407}, {0.32265, 0.18471, -0.2, 0.080547}, {-0.34936, -0.2, 0.21656, -0.087215}, {0.1407, 0.080547, -0.087215, 0.035124}},matrix{{0.27744, -0.17232, -0.32268, 0.25817}, {-0.17232, 0.10703, 0.20042, -0.16035}, {-0.32268, 0.20042, 0.3753, -0.30026}, {0.25817, -0.16035, -0.30026, 0.24023}},matrix{{0.43147, -0.37312, 0.2, 0.25707}, {-0.37312, 0.32267, -0.17296, -0.2223}, {0.2, -0.17296, 0.092707, 0.11916}, {0.25707, -0.2223, 0.11916, 0.15316}},matrix{{0.4758, -0.31984, 0.38319, -0.016807}, {-0.31984, 0.215, -0.25758, 0.011298}, {0.38319, -0.25758, 0.3086, -0.013536}, {-0.016807, 0.011298, -0.013536, 0.00059368}},matrix{{0.21035, 0.25971, 0.26618, 0.16673}, {0.25971, 0.32066, 0.32865, 0.20586}, {0.26618, 0.32865, 0.33683, 0.21099}, {0.16673, 0.20586, 0.21099, 0.13216}},matrix{{0.4247, 0.05028, 0.38723, 0.30308}, {0.05028, 0.0059525, 0.045843, 0.035881}, {0.38723, 0.045843, 0.35306, 0.27634}, {0.30308, 0.035881, 0.27634, 0.21628}},matrix{{0.22048, -0.21475, -0.30818, -0.17542}, {-0.21475, 0.20917, 0.30018, 0.17087}, {-0.30818, 0.30018, 0.43078, 0.24521}, {-0.17542, 0.17087, 0.24521, 0.13958}},matrix{{0.13265, -0.12636, 0.31295, -0.033879}, {-0.12636, 0.12038, -0.29813, 0.032275}, {0.31295, -0.29813, 0.73832, -0.079929}, {-0.033879, 0.032275, -0.079929, 0.0086529}},matrix{{0.065223, 0.16886, 0.13507, -0.11921}, {0.16886, 0.43717, 0.3497, -0.30863}, {0.13507, 0.3497, 0.27972, -0.24687}, {-0.11921, -0.30863, -0.24687, 0.21788}},matrix{{0.18524, 0.31416, -0.12837, -0.18907}, {0.31416, 0.53281, -0.21771, -0.32066}, {-0.12837, -0.21771, 0.088959, 0.13103}, {-0.18907, -0.32066, 0.13103, 0.19299}},matrix{{0.17099, -0.20844, 0.0011955, -0.31354}, {-0.20844, 0.25409, -0.0014574, 0.3822}, {0.0011955, -0.0014574, 8.3591e-6, -0.0021922}, {-0.31354, 0.3822, -0.0021922, 0.57491}},matrix{{0.019884, 0.063179, -0.047085, -0.11524}, {0.063179, 0.20074, -0.1496, -0.36616}, {-0.047085, -0.1496, 0.11149, 0.27288}, {-0.11524, -0.36616, 0.27288, 0.66788}},matrix{{0.4029, 0.1572, -0.30841, 0.34748}, {0.1572, 0.061338, -0.12033, 0.13558}, {-0.30841, -0.12033, 0.23607, -0.26598}, {0.34748, 0.13558, -0.26598, 0.29969}},matrix{{0.48216, -0.18814, -0.44729, 0.11924}, {-0.18814, 0.073413, 0.17453, -0.046528}, {-0.44729, 0.17453, 0.41494, -0.11062}, {0.11924, -0.046528, -0.11062, 0.029489}},matrix{{0.035472, -0.12153, 0.072781, -0.11894}, {-0.12153, 0.41639, -0.24936, 0.4075}, {0.072781, -0.24936, 0.14933, -0.24404}, {-0.11894, 0.4075, -0.24404, 0.3988}},matrix{{0.38314, -0.16552, 0.29463, -0.34948}, {-0.16552, 0.071506, -0.12728, 0.15098}, {0.29463, -0.12728, 0.22657, -0.26875}, {-0.34948, 0.15098, -0.26875, 0.31878}},matrix{{0.31016, -0.45565, -0.079031, -0.0096623}, {-0.45565, 0.6694, 0.11611, 0.014195}, {-0.079031, 0.11611, 0.020138, 0.0024621}, {-0.0096623, 0.014195, 0.0024621, 0.00030101}},matrix{{0.0088815, -0.027683, -0.077449, 0.045143}, {-0.027683, 0.086289, 0.24141, -0.14071}, {-0.077449, 0.24141, 0.67538, -0.39366}, {0.045143, -0.14071, -0.39366, 0.22945}},matrix{{0.010801, 0.07706, 0.068301, -0.0090187}, {0.07706, 0.54977, 0.48728, -0.064342}, {0.068301, 0.48728, 0.4319, -0.057029}, {-0.0090187, -0.064342, -0.057029, 0.0075303}},matrix{{0.45138, -0.19013, -0.27444, -0.36901}, {-0.19013, 0.080088, 0.1156, 0.15543}, {-0.27444, 0.1156, 0.16686, 0.22436}, {-0.36901, 0.15543, 0.22436, 0.30167}},matrix{{0.44452, -0.17479, -0.27384, -0.37601}, {-0.17479, 0.068731, 0.10768, 0.14785}, {-0.27384, 0.10768, 0.1687, 0.23164}, {-0.37601, 0.14785, 0.23164, 0.31805}},matrix{{0.8144, -0.092997, -0.37473, -0.04566}, {-0.092997, 0.01062, 0.042791, 0.005214}, {-0.37473, 0.042791, 0.17242, 0.02101}, {-0.04566, 0.005214, 0.02101, 0.00256}},matrix{{0.32858, -0.21937, -0.20291, -0.36238}, {-0.21937, 0.14645, 0.13546, 0.24193}, {-0.20291, 0.13546, 0.1253, 0.22378}, {-0.36238, 0.24193, 0.22378, 0.39967}},matrix{{0.026009, 0.10832, -0.057803, -0.10128}, {0.10832, 0.45112, -0.24073, -0.42181}, {-0.057803, -0.24073, 0.12846, 0.22509}, {-0.10128, -0.42181, 0.22509, 0.39441}},matrix{{0.26006, -0.24193, 0.18544, 0.31545}, {-0.24193, 0.22506, -0.17251, -0.29346}, {0.18544, -0.17251, 0.13223, 0.22494}, {0.31545, -0.29346, 0.22494, 0.38265}},matrix{{0.032473, 0.092037, 0.12286, 0.088618}, {0.092037, 0.26086, 0.34822, 0.25117}, {0.12286, 0.34822, 0.46483, 0.33528}, {0.088618, 0.25117, 0.33528, 0.24184}},matrix{{0.39305, 0.20007, -0.28671, 0.34107}, {0.20007, 0.10184, -0.14594, 0.17361}, {-0.28671, -0.14594, 0.20914, -0.2488}, {0.34107, 0.17361, -0.2488, 0.29597}},matrix{{0.54772, -0.4856, 0.096079, -0.051763}, {-0.4856, 0.43053, -0.085182, 0.045892}, {0.096079, -0.085182, 0.016854, -0.00908}, {-0.051763, 0.045892, -0.00908, 0.0048919}},matrix{{0.27375, -0.34314, 0.27151, 0.08571}, {-0.34314, 0.43012, -0.34034, -0.10744}, {0.27151, -0.34034, 0.2693, 0.085011}, {0.08571, -0.10744, 0.085011, 0.026836}},matrix{{0.19816, 0.19112, -0.34738, 0.041155}, {0.19112, 0.18432, -0.33503, 0.039692}, {-0.34738, -0.33503, 0.60897, -0.072145}, {0.041155, 0.039692, -0.072145, 0.0085471}},matrix{{0.37833, -0.13882, -0.19883, -0.41999}, {-0.13882, 0.050934, 0.072954, 0.1541}, {-0.19883, 0.072954, 0.10449, 0.22072}, {-0.41999, 0.1541, 0.22072, 0.46624}},matrix{{0.017911, 0.030517, 0.075242, 0.10487}, {0.030517, 0.051994, 0.1282, 0.17868}, {0.075242, 0.1282, 0.31608, 0.44054}, {0.10487, 0.17868, 0.44054, 0.61401}},matrix{{0.29779, 0.30458, -0.014124, -0.3408}, {0.30458, 0.31153, -0.014446, -0.34857}, {-0.014124, -0.014446, 0.00066985, 0.016163}, {-0.3408, -0.34857, 0.016163, 0.39001}},matrix{{0.042052, 0.056282, -0.1686, 0.093213}, {0.056282, 0.075328, -0.22566, 0.12476}, {-0.1686, -0.22566, 0.676, -0.37373}, {0.093213, 0.12476, -0.37373, 0.20662}},matrix{{0.87378, 0.2464, -0.13718, 0.17538}, {0.2464, 0.069485, -0.038684, 0.049457}, {-0.13718, -0.038684, 0.021536, -0.027534}, {0.17538, 0.049457, -0.027534, 0.035202}},matrix{{0.24828, -0.39675, -0.027551, -0.16872}, {-0.39675, 0.63401, 0.044026, 0.26961}, {-0.027551, 0.044026, 0.0030572, 0.018722}, {-0.16872, 0.26961, 0.018722, 0.11465}},matrix{{0.35786, -0.34299, 0.098917, 0.31995}, {-0.34299, 0.32874, -0.094806, -0.30666}, {0.098917, -0.094806, 0.027342, 0.088439}, {0.31995, -0.30666, 0.088439, 0.28606}},matrix{{0.46528, -0.083508, 0.025335, 0.4911}, {-0.083508, 0.014988, -0.0045471, -0.088143}, {0.025335, -0.0045471, 0.0013795, 0.026741}, {0.4911, -0.088143, 0.026741, 0.51836}},matrix{{0.13308, 0.10464, -0.31933, -0.04945}, {0.10464, 0.082285, -0.2511, -0.038884}, {-0.31933, -0.2511, 0.76626, 0.11866}, {-0.04945, -0.038884, 0.11866, 0.018374}},matrix{{0.14973, -0.18438, -0.29952, 0.060027}, {-0.18438, 0.22705, 0.36883, -0.073918}, {-0.29952, 0.36883, 0.59916, -0.12008}, {0.060027, -0.073918, -0.12008, 0.024065}},matrix{{0.09503, -0.18176, -0.10183, -0.20638}, {-0.18176, 0.34764, 0.19476, 0.39474}, {-0.10183, 0.19476, 0.10911, 0.22114}, {-0.20638, 0.39474, 0.22114, 0.44822}},matrix{{0.12529, 0.086769, -0.31151, 0.070885}, {0.086769, 0.060094, -0.21574, 0.049093}, {-0.31151, -0.21574, 0.77452, -0.17624}, {0.070885, 0.049093, -0.17624, 0.040105}},matrix{{0.38053, 0.13012, 0.00062373, 0.46776}, {0.13012, 0.044492, 0.00021328, 0.15994}, {0.00062373, 0.00021328, 1.0224e-6, 0.0007667}, {0.46776, 0.15994, 0.0007667, 0.57497}},matrix{{0.39102, 0.0099329, -0.15804, -0.46157}, {0.0099329, 0.00025232, -0.0040146, -0.011725}, {-0.15804, -0.0040146, 0.063874, 0.18655}, {-0.46157, -0.011725, 0.18655, 0.54485}},matrix{{0.34549, -0.34976, 0.31543, -0.065569}, {-0.34976, 0.35407, -0.31933, 0.066379}, {0.31543, -0.31933, 0.28799, -0.059865}, {-0.065569, 0.066379, -0.059865, 0.012444}},matrix{{0.0065582, -0.070619, -0.02079, -0.033105}, {-0.070619, 0.76042, 0.22387, 0.35647}, {-0.02079, 0.22387, 0.065909, 0.10495}, {-0.033105, 0.35647, 0.10495, 0.16711}},matrix{{0.099122, 0.035897, -0.20601, -0.21346}, {0.035897, 0.013, -0.074608, -0.077307}, {-0.20601, -0.074608, 0.42817, 0.44366}, {-0.21346, -0.077307, 0.44366, 0.45971}},matrix{{0.58202, 0.104, -0.33241, -0.34923}, {0.104, 0.018582, -0.059395, -0.0624}, {-0.33241, -0.059395, 0.18985, 0.19945}, {-0.34923, -0.